18-Jul-2023 15:27:35


SERIES_2_2, "tivPPbefore", 03-Jul-2023, 11:13:03.494, 00:03:01.932, "1uM TTX"
EPC10, V-Clamp,  9.4841E-12,  2.3655E+06,  8.5450E+01
Sweep #,     Ampl3[V],  peak - init,   end - init
      1,  -1.2000E-01,  -5.9854E-11,   1.1365E-11
      2,  -1.1500E-01,  -5.4172E-11,  -6.2656E-12
      3,  -1.1000E-01,  -2.7401E-11,   1.9130E-11
      4,  -1.0500E-01,  -6.1932E-11,   2.7969E-12
      5,  -1.0000E-01,  -4.3219E-11,   6.5521E-12
      6,  -9.5000E-02,  -7.3698E-11,  -4.2948E-11
      7,  -9.0000E-02,  -4.6432E-11,   3.9422E-11
      8,  -8.5000E-02,  -8.9698E-11,  -3.3031E-11
      9,  -8.0000E-02,  -5.6203E-11,  -1.4432E-11
     10,  -7.5000E-02,  -1.1901E-10,  -6.1167E-11
     11,  -7.0000E-02,  -1.6496E-10,  -6.5182E-11
     12,  -6.5000E-02,  -1.9479E-10,  -8.8839E-11
     13,  -6.0000E-02,  -3.0117E-10,  -1.4786E-10
     14,  -5.5000E-02,  -3.5224E-10,  -1.7846E-10
     15,  -5.0000E-02,  -4.3261E-10,  -1.9346E-10
     16,  -4.5000E-02,  -5.1411E-10,  -2.0103E-10
     17,  -4.0000E-02,  -5.2720E-10,  -1.5316E-10
     18,  -3.5000E-02,  -5.3795E-10,  -1.1765E-10
     19,  -3.0000E-02,  -5.3281E-10,  -5.8307E-11
     20,  -2.5000E-02,  -5.6036E-10,  -1.1193E-10
     21,  -2.0000E-02,  -5.6610E-10,  -8.4651E-11
     22,  -1.5000E-02,  -5.5186E-10,  -1.2235E-10
     23,  -1.0000E-02,  -5.3881E-10,  -1.0821E-10
     24,  -5.0000E-03,  -5.0464E-10,  -1.0144E-10
     25,   0.0000E+00,  -4.8218E-10,  -9.2115E-11
     26,   5.0000E-03,  -4.1708E-10,  -3.1448E-11
     27,   1.0000E-02,  -3.9297E-10,   2.5927E-11
     28,   1.5000E-02,  -3.2501E-10,   2.8698E-11
     29,   2.0000E-02,  -3.0450E-10,   8.5698E-11
     30,   2.5000E-02,  -2.7767E-10,   3.0016E-11

SERIES_2_3, "thinf", 03-Jul-2023, 11:13:44.458, 00:03:42.896, "1uM TTX"
EPC10, V-Clamp,  9.4757E-12,  2.3400E+06,  8.5401E+01
Sweep #,     Ampl2[V],       Min[A],  peak - init
      1,  -1.2000E-01,  -3.3799E-10,  -3.5882E-10
      2,  -1.1000E-01,  -3.8726E-10,  -3.8129E-10
      3,  -1.0000E-01,  -3.7373E-10,  -3.6525E-10
      4,  -9.0000E-02,  -4.0086E-10,  -3.7707E-10
      5,  -8.0000E-02,  -3.7877E-10,  -3.2763E-10
      6,  -7.0000E-02,  -3.0825E-10,  -2.6622E-10
      7,  -6.0000E-02,  -2.4787E-10,  -1.4699E-10
      8,  -5.0000E-02,  -1.0808E-10,  -6.2001E-11
      9,  -4.0000E-02,  -4.1225E-11,  -3.3665E-11
     10,  -3.0000E-02,  -6.9188E-12,  -7.4432E-12
     11,  -2.0000E-02,  -2.8962E-11,  -2.5243E-11
     12,  -1.0000E-02,  -2.8419E-11,  -4.7854E-11
     13,   0.0000E+00,  -4.2031E-11,  -9.6487E-11
     14,   1.0000E-02,  -2.3225E-11,  -1.3169E-10
     15,   2.0000E-02,  -4.4438E-12,  -1.9261E-10
     16,   3.0000E-02,   3.7000E-12,  -2.6348E-10

SERIES_3_2, "tivPPbefore", 03-Jul-2023, 11:26:57.102, 00:03:01.602, "1uM TTX"
EPC10, V-Clamp,  1.0596E-11,  2.4657E+06,  8.5704E+01
Sweep #,     Ampl3[V],  peak - init,   end - init
      1,  -1.2000E-01,  -5.6818E-11,   4.3594E-12
      2,  -1.1500E-01,  -4.5604E-11,   5.8334E-13
      3,  -1.1000E-01,  -5.4214E-11,   2.1536E-11
      4,  -1.0500E-01,  -5.8802E-11,  -1.4104E-11
      5,  -1.0000E-01,  -7.6240E-11,   1.3646E-12
      6,  -9.5000E-02,  -9.2109E-11,  -4.0724E-11
      7,  -9.0000E-02,  -8.8505E-11,  -1.1828E-11
      8,  -8.5000E-02,  -1.3072E-10,  -1.0495E-10
      9,  -8.0000E-02,  -2.3564E-10,  -1.8739E-10
     10,  -7.5000E-02,  -3.6646E-10,  -2.7795E-10
     11,  -7.0000E-02,  -5.7608E-10,  -5.3390E-10
     12,  -6.5000E-02,  -8.4302E-10,  -8.1092E-10
     13,  -6.0000E-02,  -1.2257E-09,  -1.1476E-09
     14,  -5.5000E-02,  -1.6121E-09,  -1.5072E-09
     15,  -5.0000E-02,  -1.9613E-09,  -1.7667E-09
     16,  -4.5000E-02,  -2.1867E-09,  -1.7770E-09
     17,  -4.0000E-02,  -2.2732E-09,  -1.5836E-09
     18,  -3.5000E-02,  -2.1543E-09,  -1.1744E-09
     19,  -3.0000E-02,  -1.9538E-09,  -6.5470E-10
     20,  -2.5000E-02,  -1.7915E-09,  -2.7261E-10
     21,  -2.0000E-02,  -1.5573E-09,  -1.1814E-10
     22,  -1.5000E-02,  -1.4338E-09,  -1.2012E-10
     23,  -1.0000E-02,  -1.2834E-09,  -9.3667E-11
     24,  -5.0000E-03,  -1.1666E-09,  -1.1365E-10
     25,   0.0000E+00,  -1.0315E-09,  -1.3510E-10
     26,   5.0000E-03,  -9.1677E-10,   8.8365E-11
     27,   1.0000E-02,  -8.3706E-10,  -9.1411E-11
     28,   1.5000E-02,  -7.1309E-10,  -6.0365E-11
     29,   2.0000E-02,  -6.0798E-10,  -5.4536E-11
     30,   2.5000E-02,  -5.4557E-10,  -4.6417E-11

SERIES_3_3, "thinf", 03-Jul-2023, 11:27:37.629, 00:03:42.129, "1uM TTX"
EPC10, V-Clamp,  1.0421E-11,  2.3150E+06,  8.5331E+01
Sweep #,     Ampl2[V],       Min[A],  peak - init
      1,  -1.2000E-01,  -8.6194E-10,  -9.4800E-10
      2,  -1.1000E-01,  -9.8969E-10,  -1.0071E-09
      3,  -1.0000E-01,  -1.0498E-09,  -1.0951E-09
      4,  -9.0000E-02,  -1.1877E-09,  -1.1390E-09
      5,  -8.0000E-02,  -1.2536E-09,  -1.1069E-09
      6,  -7.0000E-02,  -1.3546E-09,  -8.8515E-10
      7,  -6.0000E-02,  -1.2926E-09,  -4.1009E-10
      8,  -5.0000E-02,  -8.9266E-10,  -6.0837E-11
      9,  -4.0000E-02,  -1.2551E-10,  -5.9660E-13
     10,  -3.0000E-02,  -2.1444E-11,  -3.0369E-11
     11,  -2.0000E-02,  -1.0994E-11,  -3.3223E-11
     12,  -1.0000E-02,  -4.5188E-11,  -4.8532E-11
     13,   0.0000E+00,  -8.8500E-12,  -7.6162E-11
     14,   1.0000E-02,   8.3375E-12,  -1.2815E-10
     15,   2.0000E-02,   2.7369E-11,  -1.6778E-10
     16,   3.0000E-02,  -1.9700E-11,  -2.6065E-10

SERIES_5_2, "tivPPbefore", 03-Jul-2023, 11:44:43.025, 00:03:00.588, "1uM TTX"
EPC10, V-Clamp,  1.4114E-11,  2.9868E+06,  8.9209E+01
Sweep #,     Ampl3[V],  peak - init,   end - init
      1,  -1.2000E-01,  -8.9318E-11,  -9.6719E-12
      2,  -1.1500E-01,  -8.5703E-11,   1.5516E-11
      3,  -1.1000E-01,  -7.0099E-11,  -2.2266E-11
      4,  -1.0500E-01,  -8.5057E-11,  -6.0724E-11
      5,  -1.0000E-01,  -6.6703E-11,   1.0286E-11
      6,  -9.5000E-02,  -8.0396E-11,  -2.4823E-11
      7,  -9.0000E-02,  -1.1640E-10,  -3.3047E-11
      8,  -8.5000E-02,  -1.6131E-10,  -1.2047E-10
      9,  -8.0000E-02,  -2.9181E-10,  -1.9761E-10
     10,  -7.5000E-02,  -3.7487E-10,  -2.5354E-10
     11,  -7.0000E-02,  -5.7798E-10,  -5.2776E-10
     12,  -6.5000E-02,  -8.3022E-10,  -7.2522E-10
     13,  -6.0000E-02,  -1.1068E-09,  -1.0298E-09
     14,  -5.5000E-02,  -1.3703E-09,  -1.1940E-09
     15,  -5.0000E-02,  -1.6379E-09,  -1.4124E-09
     16,  -4.5000E-02,  -1.8650E-09,  -1.4579E-09
     17,  -4.0000E-02,  -1.8966E-09,  -1.2484E-09
     18,  -3.5000E-02,  -1.8965E-09,  -1.0527E-09
     19,  -3.0000E-02,  -1.7740E-09,  -6.7406E-10
     20,  -2.5000E-02,  -1.5752E-09,  -3.6947E-10
     21,  -2.0000E-02,  -1.4297E-09,  -1.4554E-10
     22,  -1.5000E-02,  -1.2778E-09,  -4.0604E-11
     23,  -1.0000E-02,  -1.1456E-09,  -6.8776E-11
     24,  -5.0000E-03,  -1.0091E-09,  -3.6318E-11
     25,   0.0000E+00,  -9.5832E-10,  -7.9437E-11
     26,   5.0000E-03,  -8.3992E-10,  -4.1354E-12
     27,   1.0000E-02,  -7.3926E-10,  -1.8823E-11
     28,   1.5000E-02,  -6.8028E-10,   7.3333E-12
     29,   2.0000E-02,  -5.3191E-10,   4.4240E-11
     30,   2.5000E-02,  -5.3446E-10,  -7.7187E-12

SERIES_5_3, "thinf", 03-Jul-2023, 11:45:23.864, 00:03:41.427, "1uM TTX"
EPC10, V-Clamp,  1.4004E-11,  2.9596E+06,  8.9253E+01
Sweep #,     Ampl2[V],       Min[A],  peak - init
      1,  -1.2000E-01,  -8.4349E-10,  -8.8672E-10
      2,  -1.1000E-01,  -9.6264E-10,  -9.9097E-10
      3,  -1.0000E-01,  -9.5945E-10,  -9.4017E-10
      4,  -9.0000E-02,  -1.0752E-09,  -1.0356E-09
      5,  -8.0000E-02,  -1.1185E-09,  -9.6572E-10
      6,  -7.0000E-02,  -1.1309E-09,  -7.1680E-10
      7,  -6.0000E-02,  -1.1865E-09,  -4.1009E-10
      8,  -5.0000E-02,  -8.7754E-10,  -3.9713E-11
      9,  -4.0000E-02,  -4.3837E-10,  -3.4744E-11
     10,  -3.0000E-02,  -7.9981E-11,  -3.4470E-11
     11,  -2.0000E-02,  -1.0304E-10,  -4.7961E-11
     12,  -1.0000E-02,   4.1369E-11,  -3.1345E-11
     13,   0.0000E+00,   1.5750E-11,  -7.3699E-11
     14,   1.0000E-02,  -5.1250E-11,  -1.3196E-10
     15,   2.0000E-02,  -2.3763E-11,  -2.2386E-10
     16,   3.0000E-02,  -2.5644E-11,  -2.5185E-10

SERIES_9_2, "tivPPbefore", 03-Jul-2023, 12:27:02.135, 00:03:00.386, "1uM TTX"
EPC10, V-Clamp,  1.7263E-11,  3.1407E+06,  8.9957E+01
Sweep #,     Ampl3[V],  peak - init,   end - init
      1,  -1.2000E-01,  -5.7630E-11,   6.3307E-11
      2,  -1.1500E-01,  -6.5932E-11,   1.4505E-11
      3,  -1.1000E-01,  -9.1271E-11,  -5.3542E-12
      4,  -1.0500E-01,  -9.1578E-11,  -1.5578E-11
      5,  -1.0000E-01,  -7.5578E-11,  -1.8005E-11
      6,  -9.5000E-02,  -1.4333E-10,  -6.0854E-11
      7,  -9.0000E-02,  -3.5858E-10,  -2.6803E-10
      8,  -8.5000E-02,  -4.5258E-10,  -3.7684E-10
      9,  -8.0000E-02,  -7.0388E-10,  -6.0132E-10
     10,  -7.5000E-02,  -1.1000E-09,  -9.6835E-10
     11,  -7.0000E-02,  -1.3950E-09,  -1.2683E-09
     12,  -6.5000E-02,  -1.7828E-09,  -1.6755E-09
     13,  -6.0000E-02,  -2.1224E-09,  -1.9861E-09
     14,  -5.5000E-02,  -2.6138E-09,  -2.3968E-09
     15,  -5.0000E-02,  -2.8675E-09,  -2.4803E-09
     16,  -4.5000E-02,  -2.9577E-09,  -2.2430E-09
     17,  -4.0000E-02,  -2.8668E-09,  -1.6933E-09
     18,  -3.5000E-02,  -2.6451E-09,  -1.0452E-09
     19,  -3.0000E-02,  -2.2975E-09,  -4.2928E-10
     20,  -2.5000E-02,  -1.9962E-09,  -1.1394E-10
     21,  -2.0000E-02,  -1.7014E-09,   6.3479E-11
     22,  -1.5000E-02,  -1.4745E-09,   7.5609E-11
     23,  -1.0000E-02,  -1.3195E-09,   7.6438E-11
     24,  -5.0000E-03,  -1.1444E-09,   1.3263E-10
     25,   0.0000E+00,  -9.5455E-10,   1.3367E-10
     26,   5.0000E-03,  -8.3607E-10,   1.3106E-10
     27,   1.0000E-02,  -6.9591E-10,   2.3776E-10
     28,   1.5000E-02,  -5.7929E-10,   2.4713E-10
     29,   2.0000E-02,  -4.4256E-10,   2.9040E-10
     30,   2.5000E-02,  -3.3466E-10,   3.2235E-10

SERIES_9_3, "thinf", 03-Jul-2023, 12:27:43.067, 00:03:41.317, "1uM TTX"
EPC10, V-Clamp,  1.6937E-11,  3.1559E+06,  9.0250E+01
Sweep #,     Ampl2[V],       Min[A],  peak - init
      1,  -1.2000E-01,  -1.0031E-09,  -1.0937E-09
      2,  -1.1000E-01,  -1.1387E-09,  -1.1381E-09
      3,  -1.0000E-01,  -1.1682E-09,  -1.1620E-09
      4,  -9.0000E-02,  -1.2734E-09,  -1.0969E-09
      5,  -8.0000E-02,  -1.4021E-09,  -8.7275E-10
      6,  -7.0000E-02,  -1.4849E-09,  -4.6192E-10
      7,  -6.0000E-02,  -1.4540E-09,  -9.7500E-11
      8,  -5.0000E-02,  -9.1801E-10,   1.5719E-12
      9,  -4.0000E-02,  -6.2575E-11,  -3.1395E-11
     10,  -3.0000E-02,   1.2964E-10,  -1.5385E-11
     11,  -2.0000E-02,   1.6013E-10,  -6.3406E-11
     12,  -1.0000E-02,   1.2802E-10,  -1.3702E-10
     13,   0.0000E+00,   1.0077E-10,  -2.3367E-10
     14,   1.0000E-02,   2.0949E-10,  -2.6444E-10
     15,   2.0000E-02,   2.0013E-10,  -3.8590E-10
     16,   3.0000E-02,   2.2462E-10,  -5.4525E-10

SERIES_11_2, "tivPPbefore", 03-Jul-2023, 12:50:58.619, 00:03:00.463, "1uM TTX"
EPC10, V-Clamp,  1.5234E-11,  2.5478E+06,  8.8351E+01
Sweep #,     Ampl3[V],  peak - init,   end - init
      1,  -1.2000E-01,  -4.8062E-11,   1.8510E-11
      2,  -1.1500E-01,  -6.1271E-11,  -8.9792E-12
      3,  -1.1000E-01,  -5.1042E-11,  -2.0917E-11
      4,  -1.0500E-01,  -8.3495E-11,  -1.6318E-11
      5,  -1.0000E-01,  -2.6494E-10,  -2.2351E-10
      6,  -9.5000E-02,  -5.0270E-10,  -4.3149E-10
      7,  -9.0000E-02,  -6.7074E-10,  -5.4490E-10
      8,  -8.5000E-02,  -8.2707E-10,  -6.1547E-10
      9,  -8.0000E-02,  -9.6297E-10,  -7.5245E-10
     10,  -7.5000E-02,  -1.0995E-09,  -8.1279E-10
     11,  -7.0000E-02,  -1.2860E-09,  -1.0184E-09
     12,  -6.5000E-02,  -1.4702E-09,  -1.1797E-09
     13,  -6.0000E-02,  -1.7029E-09,  -1.3465E-09
     14,  -5.5000E-02,  -1.9785E-09,  -1.6046E-09
     15,  -5.0000E-02,  -2.2416E-09,  -1.7946E-09
     16,  -4.5000E-02,  -2.4475E-09,  -1.9172E-09
     17,  -4.0000E-02,  -2.5362E-09,  -1.6897E-09
     18,  -3.5000E-02,  -2.4575E-09,  -1.2097E-09
     19,  -3.0000E-02,  -2.2995E-09,  -6.8632E-10
     20,  -2.5000E-02,  -2.0978E-09,  -3.1259E-10
     21,  -2.0000E-02,  -1.8128E-09,  -1.7803E-10
     22,  -1.5000E-02,  -1.6451E-09,  -1.2372E-10
     23,  -1.0000E-02,  -1.4714E-09,  -4.7198E-11
     24,  -5.0000E-03,  -1.3106E-09,  -5.5484E-11
     25,   0.0000E+00,  -1.1425E-09,  -1.5583E-11
     26,   5.0000E-03,  -9.7997E-10,  -2.8120E-11
     27,   1.0000E-02,  -9.0233E-10,  -3.7917E-12
     28,   1.5000E-02,  -7.7876E-10,   1.9057E-11
     29,   2.0000E-02,  -6.6766E-10,   3.9667E-11
     30,   2.5000E-02,  -5.6110E-10,   7.0766E-11

SERIES_11_3, "thinf", 03-Jul-2023, 12:51:40.145, 00:03:41.989, "1uM TTX"
EPC10, V-Clamp,  1.4937E-11,  2.6608E+06,  8.8053E+01
Sweep #,     Ampl2[V],       Min[A],  peak - init
      1,  -1.2000E-01,  -7.1513E-10,  -7.4593E-10
      2,  -1.1000E-01,  -7.7433E-10,  -7.8426E-10
      3,  -1.0000E-01,  -8.7379E-10,  -7.9727E-10
      4,  -9.0000E-02,  -9.6962E-10,  -7.6005E-10
      5,  -8.0000E-02,  -1.0852E-09,  -5.9720E-10
      6,  -7.0000E-02,  -1.2134E-09,  -4.5615E-10
      7,  -6.0000E-02,  -1.3001E-09,  -2.1782E-10
      8,  -5.0000E-02,  -1.0697E-09,  -1.0388E-11
      9,  -4.0000E-02,  -3.0301E-10,   4.2612E-13
     10,  -3.0000E-02,  -4.9681E-11,  -2.2295E-11
     11,  -2.0000E-02,  -1.2075E-11,  -4.1932E-11
     12,  -1.0000E-02,  -2.4706E-11,  -5.0698E-11
     13,   0.0000E+00,   1.3619E-11,  -5.6761E-11
     14,   1.0000E-02,  -1.9956E-11,  -7.3687E-11
     15,   2.0000E-02,   2.5706E-11,  -1.0298E-10
     16,   3.0000E-02,  -2.4281E-11,  -1.8984E-10

SERIES_12_2, "tivPPbefore", 03-Jul-2023, 15:35:32.822, 00:03:03.431, "1uM TTX"
EPC10, V-Clamp,  1.2166E-11,  2.2444E+06,  8.5968E+01
Sweep #,     Ampl3[V],  peak - init,   end - init
      1,  -1.2000E-01,  -4.7521E-11,   2.0354E-11
      2,  -1.1500E-01,  -1.0049E-10,   2.6927E-12
      3,  -1.1000E-01,  -9.5615E-11,  -2.6219E-11
      4,  -1.0500E-01,  -6.4333E-11,   4.8042E-11
      5,  -1.0000E-01,  -1.6646E-10,  -1.0490E-10
      6,  -9.5000E-02,  -2.0144E-10,  -7.2609E-11
      7,  -9.0000E-02,  -3.2815E-10,  -1.8708E-10
      8,  -8.5000E-02,  -5.3170E-10,  -4.4216E-10
      9,  -8.0000E-02,  -7.8677E-10,  -6.9596E-10
     10,  -7.5000E-02,  -1.1378E-09,  -1.0626E-09
     11,  -7.0000E-02,  -1.6716E-09,  -1.5143E-09
     12,  -6.5000E-02,  -2.3029E-09,  -2.1259E-09
     13,  -6.0000E-02,  -2.8746E-09,  -2.6234E-09
     14,  -5.5000E-02,  -3.3457E-09,  -2.9011E-09
     15,  -5.0000E-02,  -3.6573E-09,  -2.9663E-09
     16,  -4.5000E-02,  -3.5650E-09,  -2.2992E-09
     17,  -4.0000E-02,  -3.3093E-09,  -1.5472E-09
     18,  -3.5000E-02,  -2.9357E-09,  -7.1211E-10
     19,  -3.0000E-02,  -2.5416E-09,  -3.0000E-10
     20,  -2.5000E-02,  -2.1784E-09,  -1.1387E-10
     21,  -2.0000E-02,  -1.9386E-09,  -1.7959E-10
     22,  -1.5000E-02,  -1.6968E-09,  -1.1653E-10
     23,  -1.0000E-02,  -1.5970E-09,  -1.8722E-10
     24,  -5.0000E-03,  -1.4621E-09,  -1.1076E-10
     25,   0.0000E+00,  -1.2916E-09,  -1.3504E-10
     26,   5.0000E-03,  -1.1545E-09,  -3.6359E-11
     27,   1.0000E-02,  -1.0136E-09,  -7.1542E-11
     28,   1.5000E-02,  -8.7988E-10,   7.3839E-11
     29,   2.0000E-02,  -7.3548E-10,   1.4681E-10
     30,   2.5000E-02,  -6.3114E-10,   1.8271E-10

SERIES_12_3, "thinf", 03-Jul-2023, 15:36:15.786, 00:03:46.395, "1uM TTX"
EPC10, V-Clamp,  1.2166E-11,  2.1480E+06,  8.5549E+01
Sweep #,     Ampl2[V],       Min[A],  peak - init
      1,  -1.2000E-01,  -1.5883E-09,  -1.5895E-09
      2,  -1.1000E-01,  -1.7133E-09,  -1.7014E-09
      3,  -1.0000E-01,  -1.7700E-09,  -1.7338E-09
      4,  -9.0000E-02,  -1.7726E-09,  -1.5852E-09
      5,  -8.0000E-02,  -1.7718E-09,  -1.1552E-09
      6,  -7.0000E-02,  -1.5937E-09,  -3.8520E-10
      7,  -6.0000E-02,  -1.0303E-09,   1.5723E-11
      8,  -5.0000E-02,  -2.9651E-10,  -4.2288E-11
      9,  -4.0000E-02,  -6.3250E-11,  -1.8299E-11
     10,  -3.0000E-02,  -9.3306E-11,  -4.1840E-11
     11,  -2.0000E-02,  -5.4769E-11,  -5.4176E-11
     12,  -1.0000E-02,  -1.7301E-10,  -1.7906E-10
     13,   0.0000E+00,  -1.5638E-10,  -2.5727E-10
     14,   1.0000E-02,  -1.7964E-10,  -3.5405E-10
     15,   2.0000E-02,  -3.4674E-10,  -8.7722E-10
     16,   3.0000E-02,  -3.4052E-10,  -1.2720E-09

SERIES_15_3, "tivPPbefore", 03-Jul-2023, 16:11:01.822, 00:03:10.963, "1uM TTX"
EPC10, V-Clamp,  1.2535E-11,  3.3226E+06,  8.9180E+01
Sweep #,     Ampl3[V],  peak - init,   end - init
      1,  -1.2000E-01,  -7.0818E-11,   3.6161E-11
      2,  -1.1500E-01,  -9.2807E-11,  -2.5557E-11
      3,  -1.1000E-01,  -4.9594E-11,  -2.1771E-11
      4,  -1.0500E-01,  -7.5854E-11,  -5.8334E-13
      5,  -1.0000E-01,  -1.0883E-10,  -4.9063E-12
      6,  -9.5000E-02,  -1.1304E-10,  -2.3917E-11
      7,  -9.0000E-02,  -4.6021E-11,   4.0927E-11
      8,  -8.5000E-02,  -5.8745E-11,   2.8693E-11
      9,  -8.0000E-02,  -9.0563E-11,  -1.6958E-11
     10,  -7.5000E-02,  -1.4104E-10,  -4.0943E-11
     11,  -7.0000E-02,  -1.9973E-10,  -9.2255E-11
     12,  -6.5000E-02,  -2.4742E-10,  -1.7509E-10
     13,  -6.0000E-02,  -2.8889E-10,  -2.2980E-10
     14,  -5.5000E-02,  -4.2937E-10,  -3.0638E-10
     15,  -5.0000E-02,  -5.2393E-10,  -3.9559E-10
     16,  -4.5000E-02,  -6.7558E-10,  -4.9201E-10
     17,  -4.0000E-02,  -7.1527E-10,  -4.1793E-10
     18,  -3.5000E-02,  -7.0549E-10,  -3.6008E-10
     19,  -3.0000E-02,  -6.9363E-10,  -2.6607E-10
     20,  -2.5000E-02,  -6.6958E-10,  -1.1779E-10
     21,  -2.0000E-02,  -5.7208E-10,   2.5219E-11
     22,  -1.5000E-02,  -5.1853E-10,   9.0490E-11
     23,  -1.0000E-02,  -4.5009E-10,   1.7236E-10
     24,  -5.0000E-03,  -3.6622E-10,   1.3160E-10
     25,   0.0000E+00,  -3.2135E-10,   2.2949E-10
     26,   5.0000E-03,  -2.8451E-10,   2.8362E-10
     27,   1.0000E-02,  -1.9243E-10,   4.1479E-10
     28,   1.5000E-02,  -1.2983E-10,   4.2798E-10
     29,   2.0000E-02,  -1.2032E-10,   4.7148E-10
     30,   2.5000E-02,  -1.5715E-10,   5.0501E-10

SERIES_15_4, "thinf", 03-Jul-2023, 16:12:04.739, 00:04:13.880, "1uM TTX"
EPC10, V-Clamp,  1.2291E-11,  3.3831E+06,  8.8942E+01
Sweep #,     Ampl2[V],       Min[A],  peak - init
      1,  -1.2000E-01,  -1.5822E-10,  -1.8867E-10
      2,  -1.1000E-01,  -1.8298E-10,  -1.5719E-10
      3,  -1.0000E-01,  -1.6967E-10,  -1.8240E-10
      4,  -9.0000E-02,  -1.5961E-10,  -1.5541E-10
      5,  -8.0000E-02,  -1.8168E-10,  -1.4273E-10
      6,  -7.0000E-02,  -1.5224E-10,  -8.9766E-11
      7,  -6.0000E-02,  -2.3124E-10,  -2.8248E-11
      8,  -5.0000E-02,  -2.2349E-10,   1.0985E-12
      9,  -4.0000E-02,  -5.9406E-11,  -2.3529E-11
     10,  -3.0000E-02,   3.7100E-11,  -6.2806E-11
     11,  -2.0000E-02,   2.5390E-10,  -1.0061E-10
     12,  -1.0000E-02,   2.0529E-10,  -1.5512E-10
     13,   0.0000E+00,   1.8917E-10,  -2.8747E-10
     14,   1.0000E-02,   1.7681E-10,  -4.8584E-10
     15,   2.0000E-02,   1.6282E-10,  -8.9237E-10
     16,   3.0000E-02,   9.4513E-11,  -1.2945E-09

SERIES_16_2, "tivPPbefore", 03-Jul-2023, 16:23:17.118, 00:03:00.337, "1uM TTX"
EPC10, V-Clamp,  1.9917E-11,  2.3122E+06,  8.8412E+01
Sweep #,     Ampl3[V],  peak - init,   end - init
      1,  -1.2000E-01,  -2.7229E-11,   7.1354E-11
      2,  -1.1500E-01,  -7.2531E-11,   1.5635E-11
      3,  -1.1000E-01,  -1.0270E-10,  -2.1573E-11
      4,  -1.0500E-01,  -1.0833E-10,  -1.3500E-11
      5,  -1.0000E-01,  -1.2283E-10,  -2.8500E-11
      6,  -9.5000E-02,  -2.1734E-10,  -1.6664E-10
      7,  -9.0000E-02,  -3.5089E-10,  -2.4707E-10
      8,  -8.5000E-02,  -6.7211E-10,  -5.9186E-10
      9,  -8.0000E-02,  -1.0462E-09,  -9.1494E-10
     10,  -7.5000E-02,  -1.6835E-09,  -1.5036E-09
     11,  -7.0000E-02,  -2.4807E-09,  -2.2929E-09
     12,  -6.5000E-02,  -3.1920E-09,  -2.8158E-09
     13,  -6.0000E-02,  -3.7511E-09,  -3.0240E-09
     14,  -5.5000E-02,  -3.9537E-09,  -2.8551E-09
     15,  -5.0000E-02,  -3.9014E-09,  -2.2890E-09
     16,  -4.5000E-02,  -3.6480E-09,  -1.4698E-09
     17,  -4.0000E-02,  -3.2236E-09,  -7.5440E-10
     18,  -3.5000E-02,  -2.7862E-09,  -3.3215E-10
     19,  -3.0000E-02,  -2.4100E-09,  -1.3276E-10
     20,  -2.5000E-02,  -2.1564E-09,  -5.7063E-11
     21,  -2.0000E-02,  -1.8974E-09,  -2.6115E-11
     22,  -1.5000E-02,  -1.7137E-09,  -9.8333E-12
     23,  -1.0000E-02,  -1.5444E-09,  -4.4687E-11
     24,  -5.0000E-03,  -1.3576E-09,  -4.7531E-11
     25,   0.0000E+00,  -1.1954E-09,   6.7823E-11
     26,   5.0000E-03,  -1.0410E-09,   1.0643E-10
     27,   1.0000E-02,  -9.3671E-10,   1.4504E-10
     28,   1.5000E-02,  -7.7222E-10,   2.0951E-10
     29,   2.0000E-02,  -5.9385E-10,   2.7315E-10
     30,   2.5000E-02,  -4.1175E-10,   3.9785E-10

SERIES_16_3, "thinf", 03-Jul-2023, 16:23:58.239, 00:03:41.458, "1uM TTX"
EPC10, V-Clamp,  1.9734E-11,  2.3887E+06,  8.8467E+01
Sweep #,     Ampl2[V],       Min[A],  peak - init
      1,  -1.2000E-01,  -1.7668E-09,  -1.8412E-09
      2,  -1.1000E-01,  -2.0010E-09,  -1.9785E-09
      3,  -1.0000E-01,  -2.0386E-09,  -2.0152E-09
      4,  -9.0000E-02,  -2.1503E-09,  -1.8012E-09
      5,  -8.0000E-02,  -2.1116E-09,  -1.0294E-09
      6,  -7.0000E-02,  -1.7974E-09,  -2.5769E-10
      7,  -6.0000E-02,  -1.0545E-09,   3.4249E-11
      8,  -5.0000E-02,  -3.0319E-10,   2.5947E-12
      9,  -4.0000E-02,   3.0812E-11,  -2.0574E-11
     10,  -3.0000E-02,   2.8237E-11,  -5.7986E-11
     11,  -2.0000E-02,   7.1887E-11,  -6.3567E-11
     12,  -1.0000E-02,   7.1437E-11,  -7.6275E-11
     13,   0.0000E+00,   2.0225E-11,  -2.0802E-10
     14,   1.0000E-02,   1.0275E-11,  -3.3570E-10
     15,   2.0000E-02,   3.2537E-11,  -5.3265E-10
     16,   3.0000E-02,  -7.3863E-11,  -7.8931E-10

SERIES_17_2, "tivPPbefore", 03-Jul-2023, 16:41:27.196, 00:03:00.884, "1uM TTX"
EPC10, V-Clamp,  1.5234E-11,  2.7842E+06,  8.9098E+01
Sweep #,     Ampl3[V],  peak - init,   end - init
      1,  -1.2000E-01,  -7.7063E-11,  -1.4896E-11
      2,  -1.1500E-01,  -7.5000E-11,  -5.2083E-13
      3,  -1.1000E-01,  -9.5229E-11,  -1.9438E-11
      4,  -1.0500E-01,  -8.6104E-11,  -4.2125E-11
      5,  -1.0000E-01,  -9.3354E-11,  -5.4063E-11
      6,  -9.5000E-02,  -1.1733E-10,  -3.3625E-11
      7,  -9.0000E-02,  -1.9732E-10,  -1.1789E-10
      8,  -8.5000E-02,  -2.7395E-10,  -1.8139E-10
      9,  -8.0000E-02,  -3.4591E-10,  -2.9391E-10
     10,  -7.5000E-02,  -4.9282E-10,  -4.2676E-10
     11,  -7.0000E-02,  -7.3111E-10,  -6.2532E-10
     12,  -6.5000E-02,  -1.0271E-09,  -9.3263E-10
     13,  -6.0000E-02,  -1.3415E-09,  -1.1934E-09
     14,  -5.5000E-02,  -1.7118E-09,  -1.5369E-09
     15,  -5.0000E-02,  -1.9863E-09,  -1.6809E-09
     16,  -4.5000E-02,  -2.1510E-09,  -1.5523E-09
     17,  -4.0000E-02,  -2.1549E-09,  -1.1999E-09
     18,  -3.5000E-02,  -2.0259E-09,  -7.7033E-10
     19,  -3.0000E-02,  -1.8470E-09,  -4.2669E-10
     20,  -2.5000E-02,  -1.6109E-09,  -1.3199E-10
     21,  -2.0000E-02,  -1.4330E-09,  -7.3427E-11
     22,  -1.5000E-02,  -1.2915E-09,  -4.4521E-11
     23,  -1.0000E-02,  -1.1518E-09,  -1.4698E-11
     24,  -5.0000E-03,  -1.0832E-09,  -7.8865E-11
     25,   0.0000E+00,  -9.9046E-10,  -8.7083E-12
     26,   5.0000E-03,  -9.0462E-10,  -2.7500E-11
     27,   1.0000E-02,  -7.9049E-10,   1.2010E-11
     28,   1.5000E-02,  -7.1874E-10,  -1.6490E-11
     29,   2.0000E-02,  -6.4505E-10,   1.2073E-11
     30,   2.5000E-02,  -5.5621E-10,   3.4750E-11

SERIES_17_3, "thinf", 03-Jul-2023, 16:42:07.973, 00:03:41.661, "1uM TTX"
EPC10, V-Clamp,  1.5234E-11,  2.9329E+06,  8.9282E+01
Sweep #,     Ampl2[V],       Min[A],  peak - init
      1,  -1.2000E-01,  -8.7520E-10,  -9.5495E-10
      2,  -1.1000E-01,  -9.7560E-10,  -1.0270E-09
      3,  -1.0000E-01,  -1.0650E-09,  -1.0257E-09
      4,  -9.0000E-02,  -1.1507E-09,  -1.0650E-09
      5,  -8.0000E-02,  -1.2292E-09,  -1.0380E-09
      6,  -7.0000E-02,  -1.2006E-09,  -6.5586E-10
      7,  -6.0000E-02,  -1.1792E-09,  -2.5705E-10
      8,  -5.0000E-02,  -7.1076E-10,  -3.0133E-11
      9,  -4.0000E-02,  -1.1945E-10,   5.9470E-12
     10,  -3.0000E-02,   6.6250E-12,  -2.5366E-11
     11,  -2.0000E-02,   7.7487E-11,  -3.7778E-11
     12,  -1.0000E-02,   1.5237E-11,  -6.0549E-11
     13,   0.0000E+00,   1.5500E-12,  -9.3693E-11
     14,   1.0000E-02,   5.4150E-11,  -1.4189E-10
     15,   2.0000E-02,  -6.9000E-12,  -1.7250E-10
     16,   3.0000E-02,  -3.7212E-11,  -2.7208E-10

SERIES_18_2, "tivPPbefore", 03-Jul-2023, 16:53:07.009, 00:03:09.993, "1uM TTX"
EPC10, V-Clamp,  2.0643E-11,  3.0427E+06,  8.9834E+01
Sweep #,     Ampl3[V],  peak - init,   end - init
      1,  -1.2000E-01,  -4.3094E-11,   2.9906E-11
      2,  -1.1500E-01,  -8.0063E-11,  -2.2250E-11
      3,  -1.1000E-01,  -6.9781E-11,   1.6073E-11
      4,  -1.0500E-01,  -1.0847E-10,  -3.2281E-11
      5,  -1.0000E-01,  -1.1335E-10,  -3.3688E-11
      6,  -9.5000E-02,  -1.7177E-10,  -9.9021E-11
      7,  -9.0000E-02,  -3.2341E-10,  -2.3322E-10
      8,  -8.5000E-02,  -8.3299E-10,  -6.7526E-10
      9,  -8.0000E-02,  -1.0670E-09,  -9.4354E-10
     10,  -7.5000E-02,  -1.4896E-09,  -1.3229E-09
     11,  -7.0000E-02,  -2.0410E-09,  -1.8954E-09
     12,  -6.5000E-02,  -2.8819E-09,  -2.6707E-09
     13,  -6.0000E-02,  -4.0001E-09,  -3.7904E-09
     14,  -5.5000E-02,  -5.0011E-09,  -4.6878E-09
     15,  -5.0000E-02,  -5.8652E-09,  -5.2756E-09
     16,  -4.5000E-02,  -6.3523E-09,  -5.1854E-09
     17,  -4.0000E-02,  -6.3814E-09,  -4.3841E-09
     18,  -3.5000E-02,  -5.9729E-09,  -3.2182E-09
     19,  -3.0000E-02,  -5.4768E-09,  -1.8805E-09
     20,  -2.5000E-02,  -4.7104E-09,  -8.4508E-10
     21,  -2.0000E-02,  -4.1200E-09,  -3.5273E-10
     22,  -1.5000E-02,  -3.5913E-09,  -1.9447E-10
     23,  -1.0000E-02,  -3.0724E-09,  -1.7993E-10
     24,  -5.0000E-03,  -2.6775E-09,  -2.1004E-10
     25,   0.0000E+00,  -2.3663E-09,  -1.5852E-10
     26,   5.0000E-03,  -2.0524E-09,  -1.4676E-10
     27,   1.0000E-02,  -1.7790E-09,  -1.8417E-10
     28,   1.5000E-02,  -1.5024E-09,  -1.0419E-10
     29,   2.0000E-02,  -1.1969E-09,  -9.4802E-11
     30,   2.5000E-02,  -9.7422E-10,  -7.6906E-11

SERIES_18_3, "thinf", 03-Jul-2023, 16:54:11.833, 00:04:14.817, "1uM TTX"
EPC10, V-Clamp,  2.0486E-11,  2.7684E+06,  8.9607E+01
Sweep #,     Ampl2[V],       Min[A],  peak - init
      1,  -1.2000E-01,  -2.8161E-09,  -2.8328E-09
      2,  -1.1000E-01,  -2.8112E-09,  -2.8062E-09
      3,  -1.0000E-01,  -2.9521E-09,  -2.9240E-09
      4,  -9.0000E-02,  -3.2186E-09,  -2.9944E-09
      5,  -8.0000E-02,  -3.4787E-09,  -2.7776E-09
      6,  -7.0000E-02,  -3.8594E-09,  -2.1528E-09
      7,  -6.0000E-02,  -3.8166E-09,  -9.5407E-10
      8,  -5.0000E-02,  -2.2234E-09,  -7.1231E-11
      9,  -4.0000E-02,  -5.0020E-10,  -1.3636E-11
     10,  -3.0000E-02,  -1.4371E-10,  -1.9116E-11
     11,  -2.0000E-02,  -3.4687E-11,  -2.7784E-11
     12,  -1.0000E-02,  -5.4437E-11,  -5.2064E-11
     13,   0.0000E+00,  -3.5587E-11,  -6.0884E-11
     14,   1.0000E-02,  -6.8925E-11,  -1.0813E-10
     15,   2.0000E-02,  -7.4662E-11,  -8.1023E-11
     16,   3.0000E-02,  -3.4700E-11,  -1.5915E-10

SERIES_19_3, "tivPPbefore", 03-Jul-2023, 17:12:26.760, 00:03:01.291, "1uM TTX"
EPC10, V-Clamp,  2.0843E-11,  2.5696E+06,  9.0282E+01
Sweep #,     Ampl3[V],  peak - init,   end - init
      1,  -1.2000E-01,  -7.8552E-11,  -1.5573E-11
      2,  -1.1500E-01,  -9.0531E-11,  -8.8854E-12
      3,  -1.1000E-01,  -1.0672E-10,   8.4375E-13
      4,  -1.0500E-01,  -1.4539E-10,  -3.7010E-11
      5,  -1.0000E-01,  -1.8769E-10,  -9.3687E-11
      6,  -9.5000E-02,  -2.4573E-10,  -1.6948E-10
      7,  -9.0000E-02,  -4.2687E-10,  -3.3319E-10
      8,  -8.5000E-02,  -8.2249E-10,  -7.0974E-10
      9,  -8.0000E-02,  -1.6019E-09,  -1.4014E-09
     10,  -7.5000E-02,  -2.6812E-09,  -2.4636E-09
     11,  -7.0000E-02,  -3.8080E-09,  -3.6168E-09
     12,  -6.5000E-02,  -5.2288E-09,  -5.0369E-09
     13,  -6.0000E-02,  -6.8335E-09,  -6.4224E-09
     14,  -5.5000E-02,  -8.3515E-09,  -7.5478E-09
     15,  -5.0000E-02,  -9.0909E-09,  -7.6748E-09
     16,  -4.5000E-02,  -9.5729E-09,  -6.9728E-09
     17,  -4.0000E-02,  -9.3851E-09,  -5.0518E-09
     18,  -3.5000E-02,  -8.6691E-09,  -2.8137E-09
     19,  -3.0000E-02,  -7.9049E-09,  -1.2887E-09
     20,  -2.5000E-02,  -6.9831E-09,  -5.2157E-10
     21,  -2.0000E-02,  -6.1871E-09,  -2.1975E-10
     22,  -1.5000E-02,  -5.4263E-09,  -1.7130E-10
     23,  -1.0000E-02,  -4.7355E-09,  -1.6728E-10
     24,  -5.0000E-03,  -4.1629E-09,  -8.1375E-11
     25,   0.0000E+00,  -3.5794E-09,  -1.3098E-10
     26,   5.0000E-03,  -3.1427E-09,  -1.6802E-11
     27,   1.0000E-02,  -2.6323E-09,   1.3417E-11
     28,   1.5000E-02,  -2.2051E-09,   1.2365E-10
     29,   2.0000E-02,  -1.8608E-09,   1.9627E-10
     30,   2.5000E-02,  -1.5188E-09,   1.8423E-10

SERIES_19_4, "thinf", 03-Jul-2023, 17:13:08.176, 00:03:42.707, "1uM TTX"
EPC10, V-Clamp,  2.0178E-11,  2.5021E+06,  8.9966E+01
Sweep #,     Ampl2[V],       Min[A],  peak - init
      1,  -1.2000E-01,  -4.4124E-09,  -4.4514E-09
      2,  -1.1000E-01,  -4.7144E-09,  -4.7218E-09
      3,  -1.0000E-01,  -4.8359E-09,  -4.8412E-09
      4,  -9.0000E-02,  -5.1283E-09,  -4.8331E-09
      5,  -8.0000E-02,  -5.3241E-09,  -4.2536E-09
      6,  -7.0000E-02,  -5.4093E-09,  -2.9004E-09
      7,  -6.0000E-02,  -4.5986E-09,  -1.2595E-09
      8,  -5.0000E-02,  -2.2559E-09,  -4.5203E-10
      9,  -4.0000E-02,  -4.2419E-10,  -1.5606E-10
     10,  -3.0000E-02,   1.9050E-11,  -2.4545E-11
     11,  -2.0000E-02,  -8.1313E-11,  -1.1003E-10
     12,  -1.0000E-02,   9.8225E-11,  -1.6617E-10
     13,   0.0000E+00,   7.3000E-12,  -2.8271E-10
     14,   1.0000E-02,  -5.9013E-11,  -4.1997E-10
     15,   2.0000E-02,  -7.8362E-11,  -6.3087E-10
     16,   3.0000E-02,  -1.0056E-10,  -8.7737E-10

SERIES_20_2, "tivPPbefore", 03-Jul-2023, 17:24:56.353, 00:03:02.494, "1uM TTX"
EPC10, V-Clamp,  1.1441E-11,  2.2945E+06,  8.6091E+01
Sweep #,     Ampl3[V],  peak - init,   end - init
      1,  -1.2000E-01,  -1.1984E-10,  -6.5849E-11
      2,  -1.1500E-01,  -7.7349E-11,   5.4234E-11
      3,  -1.1000E-01,  -6.4714E-11,   1.0630E-11
      4,  -1.0500E-01,  -7.6656E-11,  -3.3260E-11
      5,  -1.0000E-01,  -1.0521E-10,  -3.7677E-11
      6,  -9.5000E-02,  -1.4441E-10,  -9.3219E-11
      7,  -9.0000E-02,  -3.3132E-10,  -2.8889E-10
      8,  -8.5000E-02,  -4.7328E-10,  -4.2045E-10
      9,  -8.0000E-02,  -6.6208E-10,  -6.0722E-10
     10,  -7.5000E-02,  -9.4590E-10,  -8.6463E-10
     11,  -7.0000E-02,  -1.2049E-09,  -1.1077E-09
     12,  -6.5000E-02,  -1.3846E-09,  -1.2417E-09
     13,  -6.0000E-02,  -1.6164E-09,  -1.3880E-09
     14,  -5.5000E-02,  -1.5785E-09,  -1.2558E-09
     15,  -5.0000E-02,  -1.5264E-09,  -9.5231E-10
     16,  -4.5000E-02,  -1.3752E-09,  -5.5867E-10
     17,  -4.0000E-02,  -1.2193E-09,  -2.9108E-10
     18,  -3.5000E-02,  -1.0002E-09,  -9.4906E-11
     19,  -3.0000E-02,  -8.9021E-10,  -1.2130E-11
     20,  -2.5000E-02,  -7.6765E-10,  -1.1667E-11
     21,  -2.0000E-02,  -6.4342E-10,   4.4328E-11
     22,  -1.5000E-02,  -5.7743E-10,  -1.5624E-13
     23,  -1.0000E-02,  -5.2510E-10,   3.2984E-11
     24,  -5.0000E-03,  -4.6010E-10,   8.2818E-11
     25,   0.0000E+00,  -3.7478E-10,   9.4302E-11
     26,   5.0000E-03,  -2.9822E-10,   1.2619E-10
     27,   1.0000E-02,  -2.3469E-10,   1.7639E-10
     28,   1.5000E-02,  -1.8606E-10,   1.5303E-10
     29,   2.0000E-02,  -1.0442E-10,   2.4916E-10
     30,   2.5000E-02,  -2.7359E-11,   3.2301E-10

SERIES_20_3, "thinf", 03-Jul-2023, 17:25:36.441, 00:03:42.582, "1uM TTX"
EPC10, V-Clamp,  1.1309E-11,  2.3136E+06,  8.6374E+01
Sweep #,     Ampl2[V],       Min[A],  peak - init
      1,  -1.2000E-01,  -5.0563E-10,  -5.6373E-10
      2,  -1.1000E-01,  -6.6252E-10,  -6.6284E-10
      3,  -1.0000E-01,  -6.9823E-10,  -6.8340E-10
      4,  -9.0000E-02,  -7.3656E-10,  -5.7641E-10
      5,  -8.0000E-02,  -6.2814E-10,  -3.1557E-10
      6,  -7.0000E-02,  -5.0586E-10,  -5.0234E-11
      7,  -6.0000E-02,  -2.4825E-10,  -1.2487E-11
      8,  -5.0000E-02,  -5.1050E-11,  -1.5751E-12
      9,  -4.0000E-02,  -1.2575E-11,  -5.0852E-11
     10,  -3.0000E-02,   7.1381E-11,  -2.1581E-11
     11,  -2.0000E-02,   8.7200E-11,  -4.5597E-11
     12,  -1.0000E-02,   8.2562E-11,  -1.2090E-10
     13,   0.0000E+00,   7.7331E-11,  -1.8223E-10
     14,   1.0000E-02,   1.1872E-10,  -2.3784E-10
     15,   2.0000E-02,   1.8139E-10,  -3.8336E-10
     16,   3.0000E-02,   1.3657E-10,  -5.8506E-10

SERIES_21_2, "tivPPbefore", 03-Jul-2023, 17:36:37.479, 00:03:07.088, "1uM TTX"
EPC10, V-Clamp,  2.4781E-11,  2.9484E+06,  9.0370E+01
Sweep #,     Ampl3[V],  peak - init,   end - init
      1,  -1.2000E-01,  -8.1896E-11,   1.2083E-12
      2,  -1.1500E-01,  -7.4792E-11,   3.6083E-11
      3,  -1.1000E-01,  -1.0104E-10,   1.6542E-11
      4,  -1.0500E-01,  -1.1344E-10,  -6.2000E-11
      5,  -1.0000E-01,  -1.8943E-10,  -1.3405E-10
      6,  -9.5000E-02,  -3.2993E-10,  -2.3532E-10
      7,  -9.0000E-02,  -6.0733E-10,  -5.0444E-10
      8,  -8.5000E-02,  -1.0721E-09,  -9.9398E-10
      9,  -8.0000E-02,  -1.7960E-09,  -1.6153E-09
     10,  -7.5000E-02,  -2.5680E-09,  -2.4120E-09
     11,  -7.0000E-02,  -3.5076E-09,  -3.2868E-09
     12,  -6.5000E-02,  -4.3000E-09,  -4.0107E-09
     13,  -6.0000E-02,  -5.0571E-09,  -4.1673E-09
     14,  -5.5000E-02,  -5.2673E-09,  -3.8235E-09
     15,  -5.0000E-02,  -5.1391E-09,  -2.8483E-09
     16,  -4.5000E-02,  -4.5250E-09,  -1.6367E-09
     17,  -4.0000E-02,  -3.8603E-09,  -7.3275E-10
     18,  -3.5000E-02,  -3.1144E-09,  -2.5258E-10
     19,  -3.0000E-02,  -2.5387E-09,  -1.0729E-10
     20,  -2.5000E-02,  -2.1333E-09,  -1.1330E-10
     21,  -2.0000E-02,  -1.6982E-09,  -9.5656E-11
     22,  -1.5000E-02,  -1.4716E-09,  -5.5156E-11
     23,  -1.0000E-02,  -1.2347E-09,   1.0010E-11
     24,  -5.0000E-03,  -9.9306E-10,   7.7479E-11
     25,   0.0000E+00,  -8.0361E-10,   1.0093E-10
     26,   5.0000E-03,  -7.1730E-10,   1.8247E-10
     27,   1.0000E-02,  -5.3363E-10,   2.1017E-10
     28,   1.5000E-02,  -3.5353E-10,   2.8278E-10
     29,   2.0000E-02,  -2.4722E-10,   3.5516E-10
     30,   2.5000E-02,  -9.5396E-11,   4.5819E-10

SERIES_21_3, "thinf", 03-Jul-2023, 17:37:19.113, 00:03:48.722, "1uM TTX"
EPC10, V-Clamp,  2.4611E-11,  2.9439E+06,  9.0507E+01
Sweep #,     Ampl2[V],       Min[A],  peak - init
      1,  -1.2000E-01,  -1.6673E-09,  -1.7320E-09
      2,  -1.1000E-01,  -1.6806E-09,  -1.7131E-09
      3,  -1.0000E-01,  -1.8191E-09,  -1.7497E-09
      4,  -9.0000E-02,  -1.9128E-09,  -1.6107E-09
      5,  -8.0000E-02,  -1.8686E-09,  -1.0169E-09
      6,  -7.0000E-02,  -1.7006E-09,  -2.4549E-10
      7,  -6.0000E-02,  -9.0691E-10,  -6.3951E-12
      8,  -5.0000E-02,  -4.7887E-11,  -6.7613E-12
      9,  -4.0000E-02,   6.4025E-11,  -2.9577E-11
     10,  -3.0000E-02,   1.7053E-10,  -4.5410E-11
     11,  -2.0000E-02,   1.7080E-10,  -9.6856E-11
     12,  -1.0000E-02,   2.5416E-10,  -1.4563E-10
     13,   0.0000E+00,   2.0521E-10,  -2.4985E-10
     14,   1.0000E-02,   2.4008E-10,  -3.6895E-10
     15,   2.0000E-02,   3.0019E-10,  -6.2702E-10
     16,   3.0000E-02,   2.2258E-10,  -8.4177E-10

SERIES_22_2, "tivPPbefore", 03-Jul-2023, 17:47:46.634, 00:03:01.087, "1uM TTX"
EPC10, V-Clamp,  3.4919E-11,  3.3949E+06,  8.9987E+01
Sweep #,     Ampl3[V],  peak - init,   end - init
      1,  -1.2000E-01,  -8.4240E-11,   3.1281E-11
      2,  -1.1500E-01,  -8.2250E-11,   2.9979E-11
      3,  -1.1000E-01,  -1.1601E-10,   1.4073E-11
      4,  -1.0500E-01,  -1.2508E-10,  -5.1188E-11
      5,  -1.0000E-01,  -1.4898E-10,  -6.2458E-11
      6,  -9.5000E-02,  -2.2520E-10,  -1.5505E-10
      7,  -9.0000E-02,  -4.2943E-10,  -3.4380E-10
      8,  -8.5000E-02,  -6.2226E-10,  -5.1984E-10
      9,  -8.0000E-02,  -1.1285E-09,  -1.0295E-09
     10,  -7.5000E-02,  -1.8851E-09,  -1.6502E-09
     11,  -7.0000E-02,  -2.7873E-09,  -2.5967E-09
     12,  -6.5000E-02,  -3.7571E-09,  -3.6029E-09
     13,  -6.0000E-02,  -4.8246E-09,  -4.4995E-09
     14,  -5.5000E-02,  -5.5655E-09,  -5.0590E-09
     15,  -5.0000E-02,  -5.9427E-09,  -5.0423E-09
     16,  -4.5000E-02,  -6.1141E-09,  -4.7129E-09
     17,  -4.0000E-02,  -5.8939E-09,  -3.8350E-09
     18,  -3.5000E-02,  -5.5584E-09,  -2.6119E-09
     19,  -3.0000E-02,  -4.9149E-09,  -1.5300E-09
     20,  -2.5000E-02,  -4.3959E-09,  -7.2733E-10
     21,  -2.0000E-02,  -3.7632E-09,  -2.6659E-10
     22,  -1.5000E-02,  -3.3101E-09,  -8.7656E-11
     23,  -1.0000E-02,  -2.9307E-09,  -9.5542E-11
     24,  -5.0000E-03,  -2.5686E-09,  -1.3341E-10
     25,   0.0000E+00,  -2.2277E-09,  -5.4021E-11
     26,   5.0000E-03,  -1.9729E-09,  -1.4250E-11
     27,   1.0000E-02,  -1.7582E-09,  -5.6750E-11
     28,   1.5000E-02,  -1.5379E-09,   1.3490E-11
     29,   2.0000E-02,  -1.3166E-09,   7.7542E-11
     30,   2.5000E-02,  -1.1535E-09,   5.0313E-11

SERIES_22_3, "thinf", 03-Jul-2023, 17:48:26.818, 00:03:41.271, "1uM TTX"
EPC10, V-Clamp,  3.4693E-11,  3.3831E+06,  9.0300E+01
Sweep #,     Ampl2[V],       Min[A],  peak - init
      1,  -1.2000E-01,  -2.6733E-09,  -2.6802E-09
      2,  -1.1000E-01,  -2.8050E-09,  -2.8535E-09
      3,  -1.0000E-01,  -2.9978E-09,  -2.9627E-09
      4,  -9.0000E-02,  -3.2027E-09,  -2.9189E-09
      5,  -8.0000E-02,  -3.4994E-09,  -2.4939E-09
      6,  -7.0000E-02,  -3.6422E-09,  -1.2929E-09
      7,  -6.0000E-02,  -3.2810E-09,  -1.0218E-10
      8,  -5.0000E-02,  -2.4323E-09,   1.6029E-11
      9,  -4.0000E-02,  -7.1052E-10,   4.6089E-13
     10,  -3.0000E-02,  -1.6740E-10,  -8.6755E-11
     11,  -2.0000E-02,  -1.0378E-10,  -1.0825E-10
     12,  -1.0000E-02,  -1.8600E-11,  -9.7753E-11
     13,   0.0000E+00,  -6.3500E-12,  -1.2037E-10
     14,   1.0000E-02,  -1.2436E-10,  -1.8835E-10
     15,   2.0000E-02,   1.0175E-11,  -1.5859E-10
     16,   3.0000E-02,  -2.5710E-10,  -4.1445E-10

SERIES_24_2, "tivPPbefore", 03-Jul-2023, 18:07:05.150, 00:03:07.869, "1uM TTX"
EPC10, V-Clamp,  1.9309E-11,  3.9521E+06,  9.0086E+01
Sweep #,     Ampl3[V],  peak - init,   end - init
      1,  -1.2000E-01,  -1.2157E-10,   3.2293E-13
      2,  -1.1500E-01,  -1.1480E-10,   2.0740E-11
      3,  -1.1000E-01,  -1.1909E-10,  -1.5656E-11
      4,  -1.0500E-01,  -3.1703E-10,  -2.2224E-10
      5,  -1.0000E-01,  -4.8635E-10,  -4.1610E-10
      6,  -9.5000E-02,  -8.2652E-10,  -6.2977E-10
      7,  -9.0000E-02,  -1.0804E-09,  -8.8740E-10
      8,  -8.5000E-02,  -1.2544E-09,  -1.0150E-09
      9,  -8.0000E-02,  -1.5560E-09,  -1.3911E-09
     10,  -7.5000E-02,  -1.9714E-09,  -1.7740E-09
     11,  -7.0000E-02,  -2.5219E-09,  -2.3062E-09
     12,  -6.5000E-02,  -3.1557E-09,  -2.8444E-09
     13,  -6.0000E-02,  -3.7688E-09,  -3.4232E-09
     14,  -5.5000E-02,  -4.1562E-09,  -3.5390E-09
     15,  -5.0000E-02,  -4.3253E-09,  -3.4301E-09
     16,  -4.5000E-02,  -4.3488E-09,  -3.0239E-09
     17,  -4.0000E-02,  -4.1237E-09,  -2.1797E-09
     18,  -3.5000E-02,  -3.7934E-09,  -1.4008E-09
     19,  -3.0000E-02,  -3.3544E-09,  -7.9453E-10
     20,  -2.5000E-02,  -2.8212E-09,  -2.2003E-10
     21,  -2.0000E-02,  -2.4344E-09,   2.7354E-11
     22,  -1.5000E-02,  -2.1223E-09,   8.7781E-11
     23,  -1.0000E-02,  -1.9007E-09,   5.1625E-11
     24,  -5.0000E-03,  -1.6743E-09,   1.4984E-10
     25,   0.0000E+00,  -1.4418E-09,   2.0492E-10
     26,   5.0000E-03,  -1.3010E-09,   1.7067E-10
     27,   1.0000E-02,  -1.1078E-09,   2.0395E-10
     28,   1.5000E-02,  -9.9278E-10,   3.4751E-10
     29,   2.0000E-02,  -8.6816E-10,   4.6122E-10
     30,   2.5000E-02,  -6.8917E-10,   4.7081E-10

SERIES_24_3, "thinf", 03-Jul-2023, 18:07:44.223, 00:03:46.942, "1uM TTX"
EPC10, V-Clamp,  1.8575E-11,  4.0548E+06,  9.0070E+01
Sweep #,     Ampl2[V],       Min[A],  peak - init
      1,  -1.2000E-01,  -1.3562E-09,  -1.5881E-09
      2,  -1.1000E-01,  -1.6436E-09,  -1.6495E-09
      3,  -1.0000E-01,  -1.6270E-09,  -1.5205E-09
      4,  -9.0000E-02,  -1.7067E-09,  -1.2833E-09
      5,  -8.0000E-02,  -1.8606E-09,  -9.7117E-10
      6,  -7.0000E-02,  -1.8362E-09,  -2.3377E-10
      7,  -6.0000E-02,  -1.9271E-09,   3.0998E-12
      8,  -5.0000E-02,  -1.0803E-09,  -4.8636E-11
      9,  -4.0000E-02,  -1.2634E-10,  -1.5088E-11
     10,  -3.0000E-02,   1.7816E-10,   3.8270E-11
     11,  -2.0000E-02,   1.5781E-10,  -7.8119E-11
     12,  -1.0000E-02,   2.3621E-10,  -1.1711E-10
     13,   0.0000E+00,   2.0765E-10,  -2.1056E-10
     14,   1.0000E-02,   2.2824E-10,  -4.0676E-10
     15,   2.0000E-02,   3.4331E-10,  -5.5980E-10
     16,   3.0000E-02,   1.8712E-10,  -8.8347E-10

SERIES_25_2, "tivPPbefore", 04-Jul-2023, 11:04:17.040, 00:03:09.509, "1uM TTX"
EPC10, V-Clamp,  1.0787E-11,  1.7803E+06,  8.3862E+01
Sweep #,     Ampl3[V],  peak - init,   end - init
      1,  -1.2000E-01,  -1.0558E-10,  -3.1021E-11
      2,  -1.1500E-01,  -7.3781E-11,   2.3229E-12
      3,  -1.1000E-01,  -8.1500E-11,  -3.0417E-12
      4,  -1.0500E-01,  -9.1719E-11,   1.6531E-11
      5,  -1.0000E-01,  -1.4489E-10,  -5.8031E-11
      6,  -9.5000E-02,  -2.7564E-10,  -2.0736E-10
      7,  -9.0000E-02,  -5.1485E-10,  -4.2952E-10
      8,  -8.5000E-02,  -9.2156E-10,  -8.4681E-10
      9,  -8.0000E-02,  -1.6319E-09,  -1.4969E-09
     10,  -7.5000E-02,  -2.4302E-09,  -2.2387E-09
     11,  -7.0000E-02,  -3.3093E-09,  -2.9620E-09
     12,  -6.5000E-02,  -3.8356E-09,  -3.4859E-09
     13,  -6.0000E-02,  -4.1628E-09,  -3.3221E-09
     14,  -5.5000E-02,  -4.1210E-09,  -2.7471E-09
     15,  -5.0000E-02,  -3.7441E-09,  -1.7938E-09
     16,  -4.5000E-02,  -3.2073E-09,  -8.4968E-10
     17,  -4.0000E-02,  -2.5968E-09,  -2.2280E-10
     18,  -3.5000E-02,  -1.9810E-09,   1.9783E-10
     19,  -3.0000E-02,  -1.4373E-09,   3.7604E-10
     20,  -2.5000E-02,  -1.0498E-09,   5.0557E-10
     21,  -2.0000E-02,  -8.0652E-10,   5.1244E-10
     22,  -1.5000E-02,  -5.8344E-10,   6.5519E-10
     23,  -1.0000E-02,  -4.0703E-10,   6.2722E-10
     24,  -5.0000E-03,  -2.2366E-10,   8.0089E-10
     25,   0.0000E+00,  -3.8771E-11,   8.8340E-10
     26,   5.0000E-03,  -2.1698E-11,   9.5486E-10
     27,   1.0000E-02,   1.1455E-13,   9.8097E-10
     28,   1.5000E-02,  -1.1292E-11,   1.1106E-09
     29,   2.0000E-02,   1.9479E-11,   1.2507E-09
     30,   2.5000E-02,   7.2945E-14,   1.2718E-09

SERIES_25_3, "thinf", 04-Jul-2023, 11:04:56.176, 00:03:48.645, "1uM TTX"
EPC10, V-Clamp,  1.0691E-11,  1.7500E+06,  8.4004E+01
Sweep #,     Ampl2[V],       Min[A],  peak - init
      1,  -1.2000E-01,  -8.2056E-10,  -8.8182E-10
      2,  -1.1000E-01,  -9.3528E-10,  -9.6102E-10
      3,  -1.0000E-01,  -1.0496E-09,  -1.0236E-09
      4,  -9.0000E-02,  -1.1176E-09,  -8.8229E-10
      5,  -8.0000E-02,  -1.1131E-09,  -3.7874E-10
      6,  -7.0000E-02,  -9.9630E-10,   1.0694E-11
      7,  -6.0000E-02,  -3.7675E-10,  -1.2285E-11
      8,  -5.0000E-02,   1.4534E-10,   2.8441E-11
      9,  -4.0000E-02,   4.0863E-10,   8.7311E-12
     10,  -3.0000E-02,   6.0175E-10,  -6.7551E-13
     11,  -2.0000E-02,   4.8515E-10,  -1.3355E-10
     12,  -1.0000E-02,   4.7757E-10,  -3.2684E-10
     13,   0.0000E+00,   6.4736E-10,  -6.1790E-10
     14,   1.0000E-02,   8.0578E-10,  -1.0416E-09
     15,   2.0000E-02,   7.4311E-10,  -1.3509E-09
     16,   3.0000E-02,   9.6960E-10,  -1.9881E-09

SERIES_27_2, "tivPPbefore", 04-Jul-2023, 11:32:45.822, 00:03:02.666, "1uM TTX"
EPC10, V-Clamp,  1.6345E-11,  2.2905E+06,  8.8248E+01
Sweep #,     Ampl3[V],  peak - init,   end - init
      1,  -1.2000E-01,  -9.2896E-11,  -4.1042E-11
      2,  -1.1500E-01,  -1.0402E-10,  -2.7583E-11
      3,  -1.1000E-01,  -8.9448E-11,  -3.7969E-11
      4,  -1.0500E-01,  -9.2719E-11,  -7.1771E-12
      5,  -1.0000E-01,  -2.4496E-10,  -1.5317E-10
      6,  -9.5000E-02,  -4.2340E-10,  -3.2267E-10
      7,  -9.0000E-02,  -7.2276E-10,  -6.4549E-10
      8,  -8.5000E-02,  -1.3156E-09,  -1.1909E-09
      9,  -8.0000E-02,  -2.1244E-09,  -1.9130E-09
     10,  -7.5000E-02,  -2.9597E-09,  -2.8563E-09
     11,  -7.0000E-02,  -3.9299E-09,  -3.7229E-09
     12,  -6.5000E-02,  -4.7384E-09,  -4.3406E-09
     13,  -6.0000E-02,  -5.3217E-09,  -4.5938E-09
     14,  -5.5000E-02,  -5.5826E-09,  -4.4763E-09
     15,  -5.0000E-02,  -5.5114E-09,  -3.8767E-09
     16,  -4.5000E-02,  -5.1319E-09,  -2.8432E-09
     17,  -4.0000E-02,  -4.6477E-09,  -1.9021E-09
     18,  -3.5000E-02,  -4.1221E-09,  -9.8758E-10
     19,  -3.0000E-02,  -3.6159E-09,  -4.1009E-10
     20,  -2.5000E-02,  -3.1053E-09,  -1.1826E-10
     21,  -2.0000E-02,  -2.6053E-09,   1.7271E-11
     22,  -1.5000E-02,  -2.1969E-09,   1.1887E-10
     23,  -1.0000E-02,  -1.8299E-09,   1.4719E-10
     24,  -5.0000E-03,  -1.4877E-09,   1.7969E-10
     25,   0.0000E+00,  -1.2598E-09,   2.3516E-10
     26,   5.0000E-03,  -1.0053E-09,   2.7024E-10
     27,   1.0000E-02,  -8.5391E-10,   2.4714E-10
     28,   1.5000E-02,  -6.4789E-10,   3.5722E-10
     29,   2.0000E-02,  -4.0615E-10,   3.8719E-10
     30,   2.5000E-02,  -2.8624E-10,   4.7743E-10

SERIES_27_3, "thinf", 04-Jul-2023, 11:33:25.489, 00:03:42.333, "1uM TTX"
EPC10, V-Clamp,  1.6124E-11,  2.2891E+06,  8.8300E+01
Sweep #,     Ampl2[V],       Min[A],  peak - init
      1,  -1.2000E-01,  -2.0449E-09,  -2.1899E-09
      2,  -1.1000E-01,  -2.3607E-09,  -2.3692E-09
      3,  -1.0000E-01,  -2.4811E-09,  -2.3663E-09
      4,  -9.0000E-02,  -2.7060E-09,  -2.1490E-09
      5,  -8.0000E-02,  -2.6983E-09,  -1.2045E-09
      6,  -7.0000E-02,  -2.3954E-09,  -7.5953E-11
      7,  -6.0000E-02,  -1.9289E-09,   2.1193E-11
      8,  -5.0000E-02,  -7.1364E-10,   2.1149E-12
      9,  -4.0000E-02,  -6.8900E-11,   1.8447E-11
     10,  -3.0000E-02,   1.4635E-10,  -4.8744E-11
     11,  -2.0000E-02,   1.3839E-10,  -9.4381E-11
     12,  -1.0000E-02,   1.8947E-10,  -1.0648E-10
     13,   0.0000E+00,   2.3089E-10,  -1.8723E-10
     14,   1.0000E-02,   2.1169E-10,  -2.9807E-10
     15,   2.0000E-02,   2.1014E-10,  -4.8699E-10
     16,   3.0000E-02,   2.1170E-10,  -6.8797E-10

SERIES_29_3, "tivPPbefore", 04-Jul-2023, 11:56:18.899, 00:03:00.368, "1uM TTX"
EPC10, V-Clamp,  2.7436E-11,  2.2013E+06,  9.0023E+01
Sweep #,     Ampl3[V],  peak - init,   end - init
      1,  -1.2000E-01,  -1.4826E-10,  -1.9346E-11
      2,  -1.1500E-01,  -1.1189E-10,   5.0298E-11
      3,  -1.1000E-01,  -1.3774E-10,   6.1390E-12
      4,  -1.0500E-01,  -2.8015E-10,  -1.4117E-10
      5,  -1.0000E-01,  -6.1991E-10,  -4.8918E-10
      6,  -9.5000E-02,  -9.5291E-10,  -8.7181E-10
      7,  -9.0000E-02,  -2.1840E-09,  -2.0560E-09
      8,  -8.5000E-02,  -4.1128E-09,  -3.9641E-09
      9,  -8.0000E-02,  -7.1813E-09,  -7.0057E-09
     10,  -7.5000E-02,  -1.1241E-08,  -1.0979E-08
     11,  -7.0000E-02,  -1.5418E-08,  -1.4796E-08
     12,  -6.5000E-02,  -1.8718E-08,  -1.7164E-08
     13,  -6.0000E-02,  -2.0301E-08,  -1.7272E-08
     14,  -5.5000E-02,  -2.0537E-08,  -1.5369E-08
     15,  -5.0000E-02,  -1.9375E-08,  -1.1995E-08
     16,  -4.5000E-02,  -1.7521E-08,  -8.1417E-09
     17,  -4.0000E-02,  -1.5295E-08,  -4.5460E-09
     18,  -3.5000E-02,  -1.2823E-08,  -2.0519E-09
     19,  -3.0000E-02,  -1.0789E-08,  -7.8339E-10
     20,  -2.5000E-02,  -8.8465E-09,  -2.4076E-10
     21,  -2.0000E-02,  -7.2709E-09,  -8.5378E-11
     22,  -1.5000E-02,  -5.9961E-09,   9.9436E-11
     23,  -1.0000E-02,  -5.0065E-09,   1.4512E-10
     24,  -5.0000E-03,  -4.1498E-09,   2.3516E-10
     25,   0.0000E+00,  -3.3672E-09,   2.8866E-10
     26,   5.0000E-03,  -2.6636E-09,   3.8900E-10
     27,   1.0000E-02,  -2.1245E-09,   3.7910E-10
     28,   1.5000E-02,  -1.5657E-09,   4.9888E-10
     29,   2.0000E-02,  -1.0638E-09,   5.1647E-10
     30,   2.5000E-02,  -5.5553E-10,   6.7418E-10

SERIES_29_4, "thinf", 04-Jul-2023, 11:57:04.005, 00:03:45.474, "1uM TTX"
EPC10, V-Clamp,  2.7935E-11,  2.1634E+06,  9.0002E+01
Sweep #,     Ampl2[V],       Min[A],  peak - init
      1,  -1.2000E-01,  -9.3838E-09,  -9.7301E-09
      2,  -1.1000E-01,  -1.0454E-08,  -1.0334E-08
      3,  -1.0000E-01,  -1.1122E-08,  -1.0305E-08
      4,  -9.0000E-02,  -1.1701E-08,  -8.1083E-09
      5,  -8.0000E-02,  -1.0940E-08,  -1.6684E-09
      6,  -7.0000E-02,  -1.1054E-08,  -6.5455E-11
      7,  -6.0000E-02,  -6.1644E-09,  -7.4678E-11
      8,  -5.0000E-02,  -1.4399E-09,  -3.7831E-11
      9,  -4.0000E-02,  -5.2620E-11,  -1.5321E-12
     10,  -3.0000E-02,   1.4560E-10,  -2.9233E-11
     11,  -2.0000E-02,   1.8352E-10,  -1.0830E-10
     12,  -1.0000E-02,   2.3249E-10,  -1.3890E-10
     13,   0.0000E+00,   3.0312E-10,  -2.5380E-10
     14,   1.0000E-02,   2.6691E-10,  -4.4655E-10
     15,   2.0000E-02,   3.5057E-10,  -6.5844E-10
     16,   3.0000E-02,   2.5576E-10,  -9.7978E-10

SERIES_32_2, "tivPPbefore", 04-Jul-2023, 12:43:37.040, 00:03:26.087,  ""
EPC10, V-Clamp,  1.8416E-11,  3.3802E+06,  9.0379E+01
Sweep #,     Ampl3[V],  peak - init,   end - init
      1,  -1.2000E-01,  -8.1438E-11,  -1.4583E-12
      2,  -1.1500E-01,  -7.9271E-11,  -1.4521E-11
      3,  -1.1000E-01,  -1.0023E-10,  -4.6646E-11
      4,  -1.0500E-01,  -8.8740E-11,  -8.9896E-12
      5,  -1.0000E-01,  -2.4013E-10,  -1.8942E-10
      6,  -9.5000E-02,  -1.1484E-09,  -9.1302E-10
      7,  -9.0000E-02,  -1.3251E-09,  -1.0157E-09
      8,  -8.5000E-02,  -1.6541E-09,  -1.4823E-09
      9,  -8.0000E-02,  -2.2797E-09,  -1.9646E-09
     10,  -7.5000E-02,  -3.2185E-09,  -2.9130E-09
     11,  -7.0000E-02,  -4.4961E-09,  -4.1555E-09
     12,  -6.5000E-02,  -5.9459E-09,  -5.5848E-09
     13,  -6.0000E-02,  -7.2887E-09,  -6.4921E-09
     14,  -5.5000E-02,  -8.0312E-09,  -6.6604E-09
     15,  -5.0000E-02,  -8.3790E-09,  -5.9911E-09
     16,  -4.5000E-02,  -8.3246E-09,  -4.9073E-09
     17,  -4.0000E-02,  -7.7854E-09,  -3.7180E-09
     18,  -3.5000E-02,  -7.0704E-09,  -2.5561E-09
     19,  -3.0000E-02,  -6.3237E-09,  -1.6440E-09
     20,  -2.5000E-02,  -5.6862E-09,  -1.0924E-09
     21,  -2.0000E-02,  -5.0613E-09,  -7.8513E-10
     22,  -1.5000E-02,  -4.3871E-09,  -4.7219E-10
     23,  -1.0000E-02,  -3.9446E-09,  -5.0047E-10
     24,  -5.0000E-03,  -3.4431E-09,  -3.7753E-10
     25,   0.0000E+00,  -2.9639E-09,  -2.7402E-10
     26,   5.0000E-03,  -2.6392E-09,  -2.6648E-10
     27,   1.0000E-02,  -2.2825E-09,  -2.3455E-10
     28,   1.5000E-02,  -1.9379E-09,  -1.7781E-10
     29,   2.0000E-02,  -1.6603E-09,  -1.1869E-10
     30,   2.5000E-02,  -1.4216E-09,  -9.3042E-11

SERIES_32_3, "thinf", 04-Jul-2023, 12:44:47.723, 00:04:36.770,  ""
EPC10, V-Clamp,  1.8384E-11,  2.9373E+06,  9.0712E+01
Sweep #,     Ampl2[V],       Min[A],  peak - init
      1,  -1.2000E-01,  -3.3419E-09,  -3.4644E-09
      2,  -1.1000E-01,  -3.5718E-09,  -3.5951E-09
      3,  -1.0000E-01,  -3.9128E-09,  -3.7922E-09
      4,  -9.0000E-02,  -4.2369E-09,  -3.5514E-09
      5,  -8.0000E-02,  -4.5625E-09,  -3.0134E-09
      6,  -7.0000E-02,  -4.5905E-09,  -1.5704E-09
      7,  -6.0000E-02,  -3.7309E-09,  -1.7073E-10
      8,  -5.0000E-02,  -2.1847E-09,   8.6742E-12
      9,  -4.0000E-02,  -8.7650E-10,  -3.8447E-12
     10,  -3.0000E-02,  -3.7391E-10,  -4.1244E-11
     11,  -2.0000E-02,  -2.3357E-10,  -3.5795E-11
     12,  -1.0000E-02,  -2.1316E-10,  -6.5518E-11
     13,   0.0000E+00,  -1.3721E-10,  -5.7992E-11
     14,   1.0000E-02,  -1.1080E-10,  -5.6761E-11
     15,   2.0000E-02,  -2.0179E-10,  -9.6528E-11
     16,   3.0000E-02,  -2.7156E-10,  -1.0590E-10

SERIES_34_2, "tivPPbefore", 04-Jul-2023, 14:43:39.181, 00:03:01.572,  ""
EPC10, V-Clamp,  2.5306E-11,  2.2100E+06,  9.0423E+01
Sweep #,     Ampl3[V],  peak - init,   end - init
      1,  -1.2000E-01,  -7.5963E-11,   3.2939E-11
      2,  -1.1500E-01,  -1.0421E-10,   1.7849E-11
      3,  -1.1000E-01,  -1.5386E-10,  -4.5888E-11
      4,  -1.0500E-01,  -2.0666E-10,  -1.0895E-10
      5,  -1.0000E-01,  -2.8038E-10,  -1.3495E-10
      6,  -9.5000E-02,  -4.9303E-10,  -4.0744E-10
      7,  -9.0000E-02,  -9.9047E-10,  -9.0607E-10
      8,  -8.5000E-02,  -2.1628E-09,  -2.0464E-09
      9,  -8.0000E-02,  -4.0314E-09,  -3.8511E-09
     10,  -7.5000E-02,  -6.3412E-09,  -6.2113E-09
     11,  -7.0000E-02,  -8.8715E-09,  -8.4511E-09
     12,  -6.5000E-02,  -1.1164E-08,  -1.0387E-08
     13,  -6.0000E-02,  -1.2694E-08,  -1.1183E-08
     14,  -5.5000E-02,  -1.3171E-08,  -1.0649E-08
     15,  -5.0000E-02,  -1.2470E-08,  -8.3950E-09
     16,  -4.5000E-02,  -1.0899E-08,  -5.3385E-09
     17,  -4.0000E-02,  -8.8003E-09,  -2.6152E-09
     18,  -3.5000E-02,  -6.7545E-09,  -9.1365E-10
     19,  -3.0000E-02,  -4.9384E-09,  -2.0929E-10
     20,  -2.5000E-02,  -3.6396E-09,   7.8156E-11
     21,  -2.0000E-02,  -2.7562E-09,   1.2296E-10
     22,  -1.5000E-02,  -2.0636E-09,   1.3888E-10
     23,  -1.0000E-02,  -1.5881E-09,   2.0687E-10
     24,  -5.0000E-03,  -1.1184E-09,   2.9121E-10
     25,   0.0000E+00,  -8.7517E-10,   3.2508E-10
     26,   5.0000E-03,  -6.2122E-10,   3.8645E-10
     27,   1.0000E-02,  -3.4964E-10,   4.3280E-10
     28,   1.5000E-02,  -2.1123E-10,   4.7242E-10
     29,   2.0000E-02,  -7.6041E-11,   5.7603E-10
     30,   2.5000E-02,  -3.4977E-11,   6.9623E-10

SERIES_34_3, "thinf", 04-Jul-2023, 14:44:19.004, 00:03:41.395,  ""
EPC10, V-Clamp,  2.5070E-11,  2.2851E+06,  9.0425E+01
Sweep #,     Ampl2[V],       Min[A],  peak - init
      1,  -1.2000E-01,  -1.9809E-09,  -2.0577E-09
      2,  -1.1000E-01,  -2.2672E-09,  -2.2924E-09
      3,  -1.0000E-01,  -2.5124E-09,  -2.4818E-09
      4,  -9.0000E-02,  -2.8310E-09,  -2.3351E-09
      5,  -8.0000E-02,  -3.1599E-09,  -1.4152E-09
      6,  -7.0000E-02,  -3.2480E-09,   1.2678E-11
      7,  -6.0000E-02,  -2.6470E-09,   2.7515E-12
      8,  -5.0000E-02,  -5.3579E-10,  -6.0202E-11
      9,  -4.0000E-02,   1.0385E-10,  -4.1724E-11
     10,  -3.0000E-02,   1.0902E-10,  -5.5402E-11
     11,  -2.0000E-02,   2.1224E-10,  -1.4040E-10
     12,  -1.0000E-02,   2.0624E-10,  -2.5969E-10
     13,   0.0000E+00,   3.0018E-10,  -3.5633E-10
     14,   1.0000E-02,   2.7341E-10,  -5.6047E-10
     15,   2.0000E-02,   3.6772E-10,  -8.5938E-10
     16,   3.0000E-02,   3.1974E-10,  -1.2148E-09

SERIES_35_2, "tivPPbefore", 04-Jul-2023, 14:57:31.415, 00:03:02.321,  ""
EPC10, V-Clamp,  1.4855E-11,  2.0530E+06,  8.7268E+01
Sweep #,     Ampl3[V],  peak - init,   end - init
      1,  -1.2000E-01,  -6.4240E-11,   3.3240E-11
      2,  -1.1500E-01,  -9.5688E-11,  -3.7938E-11
      3,  -1.1000E-01,  -7.1667E-11,   1.1792E-11
      4,  -1.0500E-01,  -1.2745E-10,  -7.4073E-11
      5,  -1.0000E-01,  -7.4510E-11,   1.3260E-11
      6,  -9.5000E-02,  -1.4928E-10,  -9.3573E-11
      7,  -9.0000E-02,  -2.9797E-10,  -2.2101E-10
      8,  -8.5000E-02,  -3.2152E-10,  -2.0104E-10
      9,  -8.0000E-02,  -3.8305E-10,  -2.5593E-10
     10,  -7.5000E-02,  -5.7386E-10,  -3.4451E-10
     11,  -7.0000E-02,  -6.6866E-10,  -5.2772E-10
     12,  -6.5000E-02,  -7.6463E-10,  -5.6646E-10
     13,  -6.0000E-02,  -8.2868E-10,  -6.1782E-10
     14,  -5.5000E-02,  -9.3904E-10,  -6.5252E-10
     15,  -5.0000E-02,  -9.2890E-10,  -5.7660E-10
     16,  -4.5000E-02,  -8.5396E-10,  -3.6048E-10
     17,  -4.0000E-02,  -7.2522E-10,  -1.3582E-10
     18,  -3.5000E-02,  -5.9493E-10,  -4.4885E-11
     19,  -3.0000E-02,  -5.2645E-10,   7.2573E-11
     20,  -2.5000E-02,  -4.4403E-10,   9.6427E-11
     21,  -2.0000E-02,  -4.1179E-10,   1.2327E-10
     22,  -1.5000E-02,  -3.0177E-10,   1.7212E-10
     23,  -1.0000E-02,  -3.0015E-10,   2.3033E-10
     24,  -5.0000E-03,  -2.3789E-10,   2.0472E-10
     25,   0.0000E+00,  -1.8801E-10,   2.5716E-10
     26,   5.0000E-03,  -1.9437E-10,   3.0056E-10
     27,   1.0000E-02,  -1.4236E-10,   3.0395E-10
     28,   1.5000E-02,  -1.3792E-10,   4.1602E-10
     29,   2.0000E-02,  -1.5010E-10,   3.6410E-10
     30,   2.5000E-02,  -1.3788E-10,   5.0619E-10

SERIES_35_3, "thinf", 04-Jul-2023, 14:58:11.849, 00:03:42.755,  ""
EPC10, V-Clamp,  1.4753E-11,  2.0498E+06,  8.7406E+01
Sweep #,     Ampl2[V],       Min[A],  peak - init
      1,  -1.2000E-01,  -2.1280E-10,  -2.7748E-10
      2,  -1.1000E-01,  -2.6915E-10,  -2.6185E-10
      3,  -1.0000E-01,  -3.0978E-10,  -3.1348E-10
      4,  -9.0000E-02,  -3.1226E-10,  -2.5372E-10
      5,  -8.0000E-02,  -2.8421E-10,  -1.6215E-10
      6,  -7.0000E-02,  -2.2935E-10,  -3.0530E-11
      7,  -6.0000E-02,  -8.1512E-11,   1.1780E-11
      8,  -5.0000E-02,   8.6300E-11,  -1.0164E-11
      9,  -4.0000E-02,   1.0183E-10,  -2.5915E-11
     10,  -3.0000E-02,   1.8706E-10,  -3.0682E-11
     11,  -2.0000E-02,   1.5074E-10,  -6.3428E-11
     12,  -1.0000E-02,   2.3580E-10,  -1.2569E-10
     13,   0.0000E+00,   1.8332E-10,  -1.8681E-10
     14,   1.0000E-02,   1.6768E-10,  -2.6885E-10
     15,   2.0000E-02,   2.4620E-10,  -4.1588E-10
     16,   3.0000E-02,   2.7551E-10,  -7.0430E-10

SERIES_37_2, "tivPPbefore", 04-Jul-2023, 15:12:03.431, 00:03:12.135,  ""
EPC10, V-Clamp,  8.2603E-12,  1.8426E+06,  8.2276E+01
Sweep #,     Ampl3[V],  peak - init,   end - init
      1,  -1.2000E-01,  -1.5828E-11,   1.0536E-11
      2,  -1.1500E-01,  -3.5318E-11,  -1.5625E-14
      3,  -1.1000E-01,  -2.5375E-11,   2.4052E-11
      4,  -1.0500E-01,  -4.0172E-11,  -1.9391E-11
      5,  -1.0000E-01,  -6.6937E-11,  -2.5813E-11
      6,  -9.5000E-02,  -1.1082E-10,  -7.5943E-11
      7,  -9.0000E-02,  -1.5819E-10,  -1.2827E-10
      8,  -8.5000E-02,  -2.7169E-10,  -2.1571E-10
      9,  -8.0000E-02,  -4.5342E-10,  -3.8265E-10
     10,  -7.5000E-02,  -6.6513E-10,  -5.5283E-10
     11,  -7.0000E-02,  -9.1102E-10,  -7.3567E-10
     12,  -6.5000E-02,  -1.0401E-09,  -7.6594E-10
     13,  -6.0000E-02,  -1.1369E-09,  -6.8244E-10
     14,  -5.5000E-02,  -1.1132E-09,  -5.0985E-10
     15,  -5.0000E-02,  -1.0483E-09,  -3.7189E-10
     16,  -4.5000E-02,  -9.5499E-10,  -2.4113E-10
     17,  -4.0000E-02,  -8.4487E-10,  -1.1263E-10
     18,  -3.5000E-02,  -7.0614E-10,  -7.0661E-11
     19,  -3.0000E-02,  -6.2238E-10,  -6.0208E-12
     20,  -2.5000E-02,  -5.1501E-10,  -3.6875E-12
     21,  -2.0000E-02,  -4.5220E-10,   4.5990E-12
     22,  -1.5000E-02,  -3.9371E-10,   2.6563E-11
     23,  -1.0000E-02,  -3.3672E-10,   1.7286E-11
     24,  -5.0000E-03,  -2.7790E-10,   7.3047E-11
     25,   0.0000E+00,  -2.2753E-10,   6.5005E-11
     26,   5.0000E-03,  -1.9529E-10,   1.1378E-10
     27,   1.0000E-02,  -1.6615E-10,   1.4923E-10
     28,   1.5000E-02,  -1.4279E-10,   1.6088E-10
     29,   2.0000E-02,  -1.0428E-10,   2.1337E-10
     30,   2.5000E-02,  -9.2630E-11,   2.1241E-10

SERIES_37_3, "thinf", 04-Jul-2023, 15:12:50.551, 00:03:59.254,  ""
EPC10, V-Clamp,  8.2986E-12,  1.7779E+06,  8.1393E+01
Sweep #,     Ampl2[V],       Min[A],  peak - init
      1,  -1.2000E-01,  -3.3683E-10,  -3.7944E-10
      2,  -1.1000E-01,  -3.8449E-10,  -3.8765E-10
      3,  -1.0000E-01,  -3.9407E-10,  -3.9520E-10
      4,  -9.0000E-02,  -3.6013E-10,  -3.0279E-10
      5,  -8.0000E-02,  -2.8493E-10,  -1.2693E-10
      6,  -7.0000E-02,  -2.2347E-10,  -5.6501E-13
      7,  -6.0000E-02,  -8.2956E-11,  -8.0082E-12
      8,  -5.0000E-02,  -2.2031E-11,  -3.5606E-12
      9,  -4.0000E-02,   1.3438E-11,  -6.8119E-12
     10,  -3.0000E-02,   2.0225E-11,  -2.2677E-11
     11,  -2.0000E-02,   3.9513E-11,  -2.6913E-11
     12,  -1.0000E-02,   6.5506E-11,  -5.5297E-11
     13,   0.0000E+00,   4.8906E-11,  -8.7364E-11
     14,   1.0000E-02,   7.1219E-11,  -1.1454E-10
     15,   2.0000E-02,   7.1837E-11,  -1.8438E-10
     16,   3.0000E-02,   1.0878E-10,  -2.6946E-10

SERIES_38_2, "tivPPbefore", 04-Jul-2023, 15:26:15.041, 00:03:02.900,  ""
EPC10, V-Clamp,  1.1716E-11,  3.1356E+06,  8.8637E+01
Sweep #,     Ampl3[V],  peak - init,   end - init
      1,  -1.2000E-01,  -4.1542E-11,   1.2500E-11
      2,  -1.1500E-01,  -5.6635E-11,   3.4531E-11
      3,  -1.1000E-01,  -5.9052E-11,   3.5927E-11
      4,  -1.0500E-01,  -3.8698E-11,   2.2698E-11
      5,  -1.0000E-01,  -1.1135E-10,  -7.8854E-11
      6,  -9.5000E-02,  -4.1326E-10,  -3.2561E-10
      7,  -9.0000E-02,  -5.8650E-10,  -5.3060E-10
      8,  -8.5000E-02,  -7.2686E-10,  -5.6328E-10
      9,  -8.0000E-02,  -8.1915E-10,  -7.4219E-10
     10,  -7.5000E-02,  -9.0962E-10,  -7.5525E-10
     11,  -7.0000E-02,  -1.0130E-09,  -8.3601E-10
     12,  -6.5000E-02,  -1.0782E-09,  -8.6578E-10
     13,  -6.0000E-02,  -1.1373E-09,  -8.4625E-10
     14,  -5.5000E-02,  -1.1060E-09,  -7.1704E-10
     15,  -5.0000E-02,  -1.0879E-09,  -5.0149E-10
     16,  -4.5000E-02,  -9.3096E-10,  -3.1708E-10
     17,  -4.0000E-02,  -8.6695E-10,  -1.6924E-10
     18,  -3.5000E-02,  -7.3760E-10,  -1.6521E-11
     19,  -3.0000E-02,  -5.7049E-10,   1.3672E-10
     20,  -2.5000E-02,  -5.1805E-10,   9.9510E-11
     21,  -2.0000E-02,  -4.2417E-10,   1.5808E-10
     22,  -1.5000E-02,  -3.8943E-10,   1.5132E-10
     23,  -1.0000E-02,  -3.1774E-10,   1.9480E-10
     24,  -5.0000E-03,  -2.1810E-10,   2.4994E-10
     25,   0.0000E+00,  -1.6698E-10,   2.7790E-10
     26,   5.0000E-03,  -1.5253E-10,   3.1022E-10
     27,   1.0000E-02,  -1.1614E-10,   3.4534E-10
     28,   1.5000E-02,  -6.0302E-11,   4.1761E-10
     29,   2.0000E-02,  -3.5760E-11,   4.7639E-10
     30,   2.5000E-02,  -1.3375E-11,   5.0340E-10

SERIES_38_3, "thinf", 04-Jul-2023, 15:27:07.348, 00:03:55.207,  ""
EPC10, V-Clamp,  1.1262E-11,  3.1534E+06,  8.8138E+01
Sweep #,     Ampl2[V],       Min[A],  peak - init
      1,  -1.2000E-01,  -2.6049E-10,  -3.6206E-10
      2,  -1.1000E-01,  -2.8485E-10,  -3.0311E-10
      3,  -1.0000E-01,  -3.6158E-10,  -3.0599E-10
      4,  -9.0000E-02,  -3.7604E-10,  -1.3411E-10
      5,  -8.0000E-02,  -3.6279E-10,   8.4848E-12
      6,  -7.0000E-02,  -3.5903E-10,  -1.7689E-11
      7,  -6.0000E-02,  -2.5438E-10,  -3.0253E-11
      8,  -5.0000E-02,  -2.6863E-11,  -6.0732E-12
      9,  -4.0000E-02,   1.9884E-10,  -1.1818E-11
     10,  -3.0000E-02,   1.6206E-10,  -3.4867E-11
     11,  -2.0000E-02,   1.0890E-10,  -5.2405E-11
     12,  -1.0000E-02,   2.1561E-10,  -1.2777E-10
     13,   0.0000E+00,   2.0356E-10,  -2.3520E-10
     14,   1.0000E-02,   2.4891E-10,  -3.3883E-10
     15,   2.0000E-02,   2.4351E-10,  -4.8523E-10
     16,   3.0000E-02,   3.1529E-10,  -6.9325E-10

SERIES_40_3, "tivPPbefore", 04-Jul-2023, 15:46:23.994, 00:03:04.478,  ""
EPC10, V-Clamp,  2.3179E-11,  2.2482E+06,  8.9906E+01
Sweep #,     Ampl3[V],  peak - init,   end - init
      1,  -1.2000E-01,  -5.9339E-11,   4.9880E-11
      2,  -1.1500E-01,  -5.8745E-11,   3.7172E-11
      3,  -1.1000E-01,  -9.2318E-11,   7.6563E-13
      4,  -1.0500E-01,  -1.0510E-10,   1.2240E-12
      5,  -1.0000E-01,  -6.8365E-11,   1.7146E-11
      6,  -9.5000E-02,  -2.3740E-10,  -2.0248E-10
      7,  -9.0000E-02,  -6.5364E-10,  -4.8113E-10
      8,  -8.5000E-02,  -8.5451E-10,  -6.2936E-10
      9,  -8.0000E-02,  -1.3192E-09,  -9.3311E-10
     10,  -7.5000E-02,  -1.3982E-09,  -1.0463E-09
     11,  -7.0000E-02,  -1.6807E-09,  -1.1382E-09
     12,  -6.5000E-02,  -1.9566E-09,  -1.3730E-09
     13,  -6.0000E-02,  -2.4014E-09,  -1.7286E-09
     14,  -5.5000E-02,  -2.9529E-09,  -2.1589E-09
     15,  -5.0000E-02,  -3.5619E-09,  -2.5475E-09
     16,  -4.5000E-02,  -4.2362E-09,  -2.8543E-09
     17,  -4.0000E-02,  -4.8560E-09,  -2.7841E-09
     18,  -3.5000E-02,  -4.7687E-09,  -1.9688E-09
     19,  -3.0000E-02,  -4.8447E-09,  -1.3872E-09
     20,  -2.5000E-02,  -4.4328E-09,  -4.6770E-10
     21,  -2.0000E-02,  -4.0569E-09,   4.6458E-12
     22,  -1.5000E-02,  -3.4934E-09,   1.3274E-10
     23,  -1.0000E-02,  -2.9689E-09,   2.0182E-10
     24,  -5.0000E-03,  -2.4513E-09,   3.7829E-10
     25,   0.0000E+00,  -1.9918E-09,   3.7249E-10
     26,   5.0000E-03,  -1.5502E-09,   4.7992E-10
     27,   1.0000E-02,  -1.1917E-09,   5.5859E-10
     28,   1.5000E-02,  -8.5205E-10,   6.8523E-10
     29,   2.0000E-02,  -5.1494E-10,   6.8041E-10
     30,   2.5000E-02,  -1.7574E-10,   7.1670E-10

SERIES_40_4, "thinf", 04-Jul-2023, 15:47:07.646, 00:03:48.130,  ""
EPC10, V-Clamp,  2.2175E-11,  2.2692E+06,  9.0089E+01
Sweep #,     Ampl2[V],       Min[A],  peak - init
      1,  -1.2000E-01,  -1.8137E-09,  -1.9046E-09
      2,  -1.1000E-01,  -1.8873E-09,  -1.9814E-09
      3,  -1.0000E-01,  -2.0702E-09,  -2.0024E-09
      4,  -9.0000E-02,  -2.1587E-09,  -1.8628E-09
      5,  -8.0000E-02,  -2.1567E-09,  -1.5555E-09
      6,  -7.0000E-02,  -2.2967E-09,  -1.3589E-09
      7,  -6.0000E-02,  -2.2620E-09,  -7.3598E-10
      8,  -5.0000E-02,  -1.3868E-09,  -7.3990E-11
      9,  -4.0000E-02,  -3.3077E-10,  -2.7876E-11
     10,  -3.0000E-02,   1.5812E-10,  -4.5126E-11
     11,  -2.0000E-02,   3.1224E-10,  -6.6711E-11
     12,  -1.0000E-02,   3.1070E-10,  -1.4228E-10
     13,   0.0000E+00,   3.7088E-10,  -2.2465E-10
     14,   1.0000E-02,   3.6975E-10,  -3.2615E-10
     15,   2.0000E-02,   4.2272E-10,  -4.5475E-10
     16,   3.0000E-02,   4.5087E-10,  -6.0175E-10

SERIES_41_2, "tivPPbefore", 04-Jul-2023, 16:00:57.541, 00:03:03.322,  ""
EPC10, V-Clamp,  1.5609E-11,  2.2665E+06,  8.8167E+01
Sweep #,     Ampl3[V],  peak - init,   end - init
      1,  -1.2000E-01,  -7.4969E-11,  -2.6635E-11
      2,  -1.1500E-01,  -7.9813E-11,  -2.6833E-11
      3,  -1.1000E-01,  -5.8688E-11,   7.9375E-12
      4,  -1.0500E-01,  -5.8958E-11,   7.2292E-12
      5,  -1.0000E-01,  -6.4177E-11,  -8.1354E-12
      6,  -9.5000E-02,  -8.8167E-11,  -2.3958E-11
      7,  -9.0000E-02,  -1.1095E-10,  -5.5240E-11
      8,  -8.5000E-02,  -1.4963E-10,  -4.7167E-11
      9,  -8.0000E-02,  -2.1025E-10,  -1.7040E-10
     10,  -7.5000E-02,  -3.2230E-10,  -2.6289E-10
     11,  -7.0000E-02,  -5.5908E-10,  -5.0925E-10
     12,  -6.5000E-02,  -8.6280E-10,  -8.0324E-10
     13,  -6.0000E-02,  -1.2982E-09,  -1.2145E-09
     14,  -5.5000E-02,  -1.7803E-09,  -1.6821E-09
     15,  -5.0000E-02,  -2.3154E-09,  -2.1447E-09
     16,  -4.5000E-02,  -2.5911E-09,  -2.3250E-09
     17,  -4.0000E-02,  -2.7896E-09,  -2.3032E-09
     18,  -3.5000E-02,  -2.7773E-09,  -2.0506E-09
     19,  -3.0000E-02,  -2.6671E-09,  -1.5951E-09
     20,  -2.5000E-02,  -2.4985E-09,  -1.0845E-09
     21,  -2.0000E-02,  -2.2374E-09,  -6.5159E-10
     22,  -1.5000E-02,  -1.9374E-09,  -3.6094E-10
     23,  -1.0000E-02,  -1.7056E-09,  -2.3394E-10
     24,  -5.0000E-03,  -1.4848E-09,  -1.6931E-10
     25,   0.0000E+00,  -1.3655E-09,  -1.4352E-10
     26,   5.0000E-03,  -1.1790E-09,  -1.8039E-10
     27,   1.0000E-02,  -1.0495E-09,  -1.2377E-10
     28,   1.5000E-02,  -9.2610E-10,  -1.6377E-10
     29,   2.0000E-02,  -8.2093E-10,  -9.9760E-11
     30,   2.5000E-02,  -7.1730E-10,  -1.4072E-10

SERIES_41_3, "thinf", 04-Jul-2023, 16:01:36.176, 00:03:41.957,  ""
EPC10, V-Clamp,  1.5386E-11,  2.2239E+06,  8.7792E+01
Sweep #,     Ampl2[V],       Min[A],  peak - init
      1,  -1.2000E-01,  -7.4309E-10,  -7.7732E-10
      2,  -1.1000E-01,  -8.2497E-10,  -8.2556E-10
      3,  -1.0000E-01,  -8.1961E-10,  -8.2941E-10
      4,  -9.0000E-02,  -9.8185E-10,  -9.5330E-10
      5,  -8.0000E-02,  -1.0784E-09,  -9.8931E-10
      6,  -7.0000E-02,  -1.3666E-09,  -9.3143E-10
      7,  -6.0000E-02,  -1.5522E-09,  -5.2503E-10
      8,  -5.0000E-02,  -1.5326E-09,  -8.6887E-11
      9,  -4.0000E-02,  -1.0164E-09,  -1.0644E-11
     10,  -3.0000E-02,  -3.2589E-10,  -2.8605E-11
     11,  -2.0000E-02,  -1.4282E-10,  -3.6143E-11
     12,  -1.0000E-02,  -1.1460E-10,  -1.5505E-11
     13,   0.0000E+00,  -1.2099E-10,  -4.1370E-11
     14,   1.0000E-02,  -1.4810E-10,  -5.7399E-11
     15,   2.0000E-02,  -1.3816E-10,  -5.8908E-11
     16,   3.0000E-02,  -1.1314E-10,  -6.7910E-11

SERIES_42_2, "tivPPbefore", 04-Jul-2023, 16:13:26.712, 00:03:01.821,  ""
EPC10, V-Clamp,  1.1357E-11,  3.0884E+06,  8.7759E+01
Sweep #,     Ampl3[V],  peak - init,   end - init
      1,  -1.2000E-01,  -5.8104E-11,   8.9375E-12
      2,  -1.1500E-01,  -6.8135E-11,   3.1302E-11
      3,  -1.1000E-01,  -7.3740E-11,  -5.1146E-12
      4,  -1.0500E-01,  -1.1993E-10,  -2.0365E-11
      5,  -1.0000E-01,  -9.9344E-11,  -3.3969E-11
      6,  -9.5000E-02,  -9.3802E-11,  -3.3469E-11
      7,  -9.0000E-02,  -1.5726E-10,  -7.6094E-11
      8,  -8.5000E-02,  -2.5011E-10,  -1.9891E-10
      9,  -8.0000E-02,  -4.0751E-10,  -3.4193E-10
     10,  -7.5000E-02,  -5.8692E-10,  -5.5588E-10
     11,  -7.0000E-02,  -8.5033E-10,  -7.4502E-10
     12,  -6.5000E-02,  -1.1192E-09,  -1.0627E-09
     13,  -6.0000E-02,  -1.4057E-09,  -1.2271E-09
     14,  -5.5000E-02,  -1.5739E-09,  -1.2952E-09
     15,  -5.0000E-02,  -1.6700E-09,  -1.1876E-09
     16,  -4.5000E-02,  -1.6408E-09,  -9.4952E-10
     17,  -4.0000E-02,  -1.4432E-09,  -5.4547E-10
     18,  -3.5000E-02,  -1.2989E-09,  -2.3098E-10
     19,  -3.0000E-02,  -1.0725E-09,  -7.0823E-11
     20,  -2.5000E-02,  -8.5917E-10,   1.4271E-11
     21,  -2.0000E-02,  -7.0627E-10,   2.6875E-11
     22,  -1.5000E-02,  -5.6926E-10,   7.8573E-11
     23,  -1.0000E-02,  -5.5983E-10,   4.5458E-11
     24,  -5.0000E-03,  -4.0938E-10,   1.6158E-10
     25,   0.0000E+00,  -3.5329E-10,   1.1248E-10
     26,   5.0000E-03,  -3.1224E-10,   1.2370E-10
     27,   1.0000E-02,  -2.8840E-10,   1.9023E-10
     28,   1.5000E-02,  -2.9672E-10,   2.6861E-10
     29,   2.0000E-02,  -2.1359E-10,   3.0064E-10
     30,   2.5000E-02,  -1.9043E-10,   3.1578E-10

SERIES_42_3, "thinf", 04-Jul-2023, 16:14:09.833, 00:03:44.942,  ""
EPC10, V-Clamp,  1.1122E-11,  3.2506E+06,  8.7622E+01
Sweep #,     Ampl2[V],       Min[A],  peak - init
      1,  -1.2000E-01,  -4.0025E-10,  -4.8573E-10
      2,  -1.1000E-01,  -5.0888E-10,  -5.3180E-10
      3,  -1.0000E-01,  -5.0632E-10,  -5.3894E-10
      4,  -9.0000E-02,  -5.0580E-10,  -4.7792E-10
      5,  -8.0000E-02,  -5.7714E-10,  -4.0112E-10
      6,  -7.0000E-02,  -5.3331E-10,  -1.5287E-10
      7,  -6.0000E-02,  -3.0969E-10,  -3.7872E-11
      8,  -5.0000E-02,   1.5238E-11,   1.2835E-11
      9,  -4.0000E-02,   7.2875E-11,  -1.4678E-11
     10,  -3.0000E-02,   1.0789E-10,  -2.0297E-11
     11,  -2.0000E-02,   1.4610E-10,  -5.1149E-11
     12,  -1.0000E-02,   1.1796E-10,  -1.0955E-10
     13,   0.0000E+00,   1.0825E-10,  -1.7725E-10
     14,   1.0000E-02,   3.8437E-11,  -2.9732E-10
     15,   2.0000E-02,   1.1892E-10,  -4.7015E-10
     16,   3.0000E-02,   3.7363E-11,  -6.1032E-10

SERIES_43_2, "tivPPbefore", 04-Jul-2023, 16:23:16.806, 00:03:00.603,  ""
EPC10, V-Clamp,  1.4794E-11,  2.4626E+06,  8.8297E+01
Sweep #,     Ampl3[V],  peak - init,   end - init
      1,  -1.2000E-01,  -6.1003E-11,  -1.0085E-11
      2,  -1.1500E-01,  -7.6118E-11,  -3.2243E-12
      3,  -1.1000E-01,  -6.8896E-11,   1.3129E-11
      4,  -1.0500E-01,  -1.0975E-10,  -2.0816E-11
      5,  -1.0000E-01,  -1.2069E-10,  -4.3153E-11
      6,  -9.5000E-02,  -1.9518E-10,  -1.3617E-10
      7,  -9.0000E-02,  -3.6434E-10,  -2.9403E-10
      8,  -8.5000E-02,  -6.4836E-10,  -5.4137E-10
      9,  -8.0000E-02,  -1.0804E-09,  -9.6627E-10
     10,  -7.5000E-02,  -1.8329E-09,  -1.7385E-09
     11,  -7.0000E-02,  -2.9044E-09,  -2.7794E-09
     12,  -6.5000E-02,  -4.3741E-09,  -4.0859E-09
     13,  -6.0000E-02,  -5.9036E-09,  -5.4525E-09
     14,  -5.5000E-02,  -7.3127E-09,  -6.2952E-09
     15,  -5.0000E-02,  -8.1198E-09,  -6.3336E-09
     16,  -4.5000E-02,  -8.3202E-09,  -5.2262E-09
     17,  -4.0000E-02,  -7.8879E-09,  -3.3873E-09
     18,  -3.5000E-02,  -6.8923E-09,  -1.6319E-09
     19,  -3.0000E-02,  -5.9628E-09,  -6.0768E-10
     20,  -2.5000E-02,  -4.8591E-09,  -1.8701E-10
     21,  -2.0000E-02,  -3.9913E-09,  -6.3737E-11
     22,  -1.5000E-02,  -3.2975E-09,   7.4287E-12
     23,  -1.0000E-02,  -2.7202E-09,   6.5130E-11
     24,  -5.0000E-03,  -2.2635E-09,   9.4742E-11
     25,   0.0000E+00,  -1.8491E-09,   1.1053E-10
     26,   5.0000E-03,  -1.5051E-09,   1.0877E-10
     27,   1.0000E-02,  -1.2215E-09,   1.3070E-10
     28,   1.5000E-02,  -9.3240E-10,   1.2551E-10
     29,   2.0000E-02,  -7.0885E-10,   1.8115E-10
     30,   2.5000E-02,  -4.4123E-10,   2.1120E-10

SERIES_43_3, "thinf", 04-Jul-2023, 16:23:57.629, 00:03:41.426,  ""
EPC10, V-Clamp,  1.4593E-11,  2.4486E+06,  8.8162E+01
Sweep #,     Ampl2[V],       Min[A],  peak - init
      1,  -1.2000E-01,  -2.4126E-09,  -2.4296E-09
      2,  -1.1000E-01,  -2.6500E-09,  -2.6490E-09
      3,  -1.0000E-01,  -2.8747E-09,  -2.8534E-09
      4,  -9.0000E-02,  -3.1587E-09,  -2.9688E-09
      5,  -8.0000E-02,  -3.4407E-09,  -2.6098E-09
      6,  -7.0000E-02,  -3.5738E-09,  -1.4160E-09
      7,  -6.0000E-02,  -2.7906E-09,  -1.1975E-10
      8,  -5.0000E-02,  -1.0058E-09,  -1.6008E-11
      9,  -4.0000E-02,  -4.2529E-11,  -5.2526E-12
     10,  -3.0000E-02,   1.1917E-11,  -4.0520E-11
     11,  -2.0000E-02,   4.9153E-11,  -6.4094E-11
     12,  -1.0000E-02,   8.9516E-11,  -7.2942E-11
     13,   0.0000E+00,   6.9551E-11,  -1.0472E-10
     14,   1.0000E-02,   1.2233E-10,  -1.4463E-10
     15,   2.0000E-02,   1.0335E-10,  -1.9686E-10
     16,   3.0000E-02,   9.3849E-11,  -2.2885E-10
