18-Jul-2023 15:24:00


SERIES_1_2, "tivPPbefore", 17-Jul-2023, 11:44:52.993, 00:03:00.368,  ""
EPC10, V-Clamp,  2.3482E-11,  2.4829E+06,  8.9995E+01
Sweep #,     Ampl3[V],  peak - init,   end - init
      1,  -1.2000E-01,  -1.4937E-10,  -2.5975E-11
      2,  -1.1500E-01,  -1.4262E-10,  -2.2312E-11
      3,  -1.1000E-01,  -1.2515E-10,  -6.2422E-12
      4,  -1.0500E-01,  -1.4081E-10,  -3.9955E-11
      5,  -1.0000E-01,  -8.7597E-11,   1.8314E-11
      6,  -9.5000E-02,  -1.5562E-10,  -7.0598E-11
      7,  -9.0000E-02,  -2.0883E-10,  -1.0880E-10
      8,  -8.5000E-02,  -3.5309E-10,  -2.1551E-10
      9,  -8.0000E-02,  -6.1158E-10,  -4.7755E-10
     10,  -7.5000E-02,  -1.0296E-09,  -9.1760E-10
     11,  -7.0000E-02,  -1.7490E-09,  -1.6680E-09
     12,  -6.5000E-02,  -3.0208E-09,  -2.9454E-09
     13,  -6.0000E-02,  -4.7750E-09,  -4.5568E-09
     14,  -5.5000E-02,  -7.0045E-09,  -6.8297E-09
     15,  -5.0000E-02,  -9.2940E-09,  -9.0501E-09
     16,  -4.5000E-02,  -1.1334E-08,  -1.0602E-08
     17,  -4.0000E-02,  -1.2543E-08,  -1.1132E-08
     18,  -3.5000E-02,  -1.2605E-08,  -9.6062E-09
     19,  -3.0000E-02,  -1.1940E-08,  -6.8998E-09
     20,  -2.5000E-02,  -1.0463E-08,  -3.6792E-09
     21,  -2.0000E-02,  -8.8848E-09,  -1.4012E-09
     22,  -1.5000E-02,  -7.3114E-09,  -3.1951E-10
     23,  -1.0000E-02,  -5.9151E-09,   1.0142E-10
     24,  -5.0000E-03,  -4.7341E-09,   2.2848E-10
     25,   0.0000E+00,  -3.7585E-09,   3.0145E-10
     26,   5.0000E-03,  -2.9195E-09,   3.8136E-10
     27,   1.0000E-02,  -2.1570E-09,   5.0278E-10
     28,   1.5000E-02,  -1.5361E-09,   4.8235E-10
     29,   2.0000E-02,  -9.3681E-10,   5.8607E-10
     30,   2.5000E-02,  -3.1038E-10,   6.3224E-10

SERIES_1_3, "thinf", 17-Jul-2023, 11:45:33.974, 00:03:41.349,  ""
EPC10, V-Clamp,  2.3330E-11,  2.5101E+06,  8.9998E+01
Sweep #,     Ampl2[V],       Min[A],  peak - init
      1,  -1.2000E-01,  -2.2646E-09,  -2.3625E-09
      2,  -1.1000E-01,  -2.5210E-09,  -2.6235E-09
      3,  -1.0000E-01,  -2.7565E-09,  -2.7999E-09
      4,  -9.0000E-02,  -3.0239E-09,  -3.1036E-09
      5,  -8.0000E-02,  -3.9473E-09,  -3.6346E-09
      6,  -7.0000E-02,  -5.0935E-09,  -3.3839E-09
      7,  -6.0000E-02,  -6.6370E-09,  -1.9612E-09
      8,  -5.0000E-02,  -6.9507E-09,  -4.6242E-11
      9,  -4.0000E-02,  -4.3430E-09,   5.3636E-11
     10,  -3.0000E-02,  -5.6836E-10,  -4.3287E-11
     11,  -2.0000E-02,   1.1233E-10,  -1.1840E-10
     12,  -1.0000E-02,   3.1077E-10,  -1.8472E-10
     13,   0.0000E+00,   2.2422E-10,  -2.9660E-10
     14,   1.0000E-02,   1.7343E-10,  -5.4089E-10
     15,   2.0000E-02,   2.7789E-10,  -7.1489E-10
     16,   3.0000E-02,   3.0817E-10,  -1.0407E-09

SERIES_2_2, "tivPPbefore", 17-Jul-2023, 11:55:51.306, 00:03:20.447,  ""
EPC10, V-Clamp,  1.7291E-11,  2.4319E+06,  8.9092E+01
Sweep #,     Ampl3[V],  peak - init,   end - init
      1,  -1.2000E-01,  -8.7932E-11,  -1.3078E-11
      2,  -1.1500E-01,  -4.8183E-11,   6.7322E-11
      3,  -1.1000E-01,  -8.1406E-11,   1.4909E-11
      4,  -1.0500E-01,  -8.0194E-11,  -3.5854E-12
      5,  -1.0000E-01,  -8.2102E-11,   3.8459E-11
      6,  -9.5000E-02,  -1.2252E-10,  -1.0421E-11
      7,  -9.0000E-02,  -9.6728E-11,   2.2183E-12
      8,  -8.5000E-02,  -1.7362E-10,  -9.6289E-11
      9,  -8.0000E-02,  -1.9526E-10,  -8.3676E-11
     10,  -7.5000E-02,  -3.1260E-10,  -2.3738E-10
     11,  -7.0000E-02,  -5.9262E-10,  -4.5581E-10
     12,  -6.5000E-02,  -9.2779E-10,  -8.2291E-10
     13,  -6.0000E-02,  -1.4473E-09,  -1.3027E-09
     14,  -5.5000E-02,  -2.2406E-09,  -2.1090E-09
     15,  -5.0000E-02,  -3.1131E-09,  -2.9902E-09
     16,  -4.5000E-02,  -3.8864E-09,  -3.5263E-09
     17,  -4.0000E-02,  -4.4416E-09,  -3.6876E-09
     18,  -3.5000E-02,  -4.5679E-09,  -3.1333E-09
     19,  -3.0000E-02,  -4.1801E-09,  -2.0582E-09
     20,  -2.5000E-02,  -3.6608E-09,  -1.0210E-09
     21,  -2.0000E-02,  -3.0513E-09,  -3.7376E-10
     22,  -1.5000E-02,  -2.5940E-09,  -4.8157E-11
     23,  -1.0000E-02,  -2.1269E-09,   4.4159E-11
     24,  -5.0000E-03,  -1.7639E-09,   1.4282E-10
     25,   0.0000E+00,  -1.4490E-09,   1.3998E-10
     26,   5.0000E-03,  -1.1796E-09,   2.1987E-10
     27,   1.0000E-02,  -9.5033E-10,   2.3398E-10
     28,   1.5000E-02,  -7.9773E-10,   2.9408E-10
     29,   2.0000E-02,  -5.8658E-10,   3.1110E-10
     30,   2.5000E-02,  -4.3298E-10,   3.1907E-10

SERIES_2_3, "thinf", 17-Jul-2023, 11:56:31.520, 00:04:00.661,  ""
EPC10, V-Clamp,  1.7071E-11,  2.4641E+06,  8.9101E+01
Sweep #,     Ampl2[V],       Min[A],  peak - init
      1,  -1.2000E-01,  -7.0538E-10,  -7.1939E-10
      2,  -1.1000E-01,  -7.5940E-10,  -7.5603E-10
      3,  -1.0000E-01,  -8.5492E-10,  -8.9060E-10
      4,  -9.0000E-02,  -9.0763E-10,  -9.1275E-10
      5,  -8.0000E-02,  -1.1502E-09,  -1.0248E-09
      6,  -7.0000E-02,  -1.5929E-09,  -1.0685E-09
      7,  -6.0000E-02,  -2.0577E-09,  -6.8640E-10
      8,  -5.0000E-02,  -2.0092E-09,  -9.8330E-11
      9,  -4.0000E-02,  -7.3383E-10,   1.5633E-11
     10,  -3.0000E-02,  -4.0672E-11,  -6.1546E-11
     11,  -2.0000E-02,   1.4743E-10,  -8.1853E-11
     12,  -1.0000E-02,   1.2205E-10,  -1.6774E-10
     13,   0.0000E+00,   1.6959E-10,  -2.7185E-10
     14,   1.0000E-02,   2.0494E-10,  -3.6684E-10
     15,   2.0000E-02,   2.1692E-10,  -5.8973E-10
     16,   3.0000E-02,   2.2818E-10,  -8.0701E-10

SERIES_4_2, "tivPPbefore", 17-Jul-2023, 12:20:03.555, 00:03:00.508,  ""
EPC10, V-Clamp,  1.4814E-11,  2.1503E+06,  8.7591E+01
Sweep #,     Ampl3[V],  peak - init,   end - init
      1,  -1.2000E-01,  -5.3948E-11,   3.1615E-11
      2,  -1.1500E-01,  -5.2250E-11,   2.3333E-12
      3,  -1.1000E-01,  -5.2125E-11,   2.7292E-12
      4,  -1.0500E-01,  -4.1573E-11,   2.5552E-11
      5,  -1.0000E-01,  -9.1740E-11,  -5.7740E-11
      6,  -9.5000E-02,  -1.3064E-10,  -5.4594E-11
      7,  -9.0000E-02,  -1.8834E-10,  -1.4668E-10
      8,  -8.5000E-02,  -2.6220E-10,  -2.1514E-10
      9,  -8.0000E-02,  -4.5825E-10,  -3.9398E-10
     10,  -7.5000E-02,  -7.2859E-10,  -6.5143E-10
     11,  -7.0000E-02,  -1.0634E-09,  -9.6693E-10
     12,  -6.5000E-02,  -1.5024E-09,  -1.3860E-09
     13,  -6.0000E-02,  -2.2648E-09,  -2.1129E-09
     14,  -5.5000E-02,  -3.5083E-09,  -3.3742E-09
     15,  -5.0000E-02,  -5.3352E-09,  -5.1142E-09
     16,  -4.5000E-02,  -7.1275E-09,  -6.6846E-09
     17,  -4.0000E-02,  -8.2917E-09,  -7.0055E-09
     18,  -3.5000E-02,  -8.4219E-09,  -5.8154E-09
     19,  -3.0000E-02,  -7.9020E-09,  -3.9138E-09
     20,  -2.5000E-02,  -6.9837E-09,  -2.0478E-09
     21,  -2.0000E-02,  -5.9109E-09,  -8.1374E-10
     22,  -1.5000E-02,  -4.8712E-09,  -2.7406E-10
     23,  -1.0000E-02,  -3.9929E-09,  -9.9010E-11
     24,  -5.0000E-03,  -3.3044E-09,  -3.3885E-11
     25,   0.0000E+00,  -2.7611E-09,  -2.6354E-11
     26,   5.0000E-03,  -2.2444E-09,   4.1042E-12
     27,   1.0000E-02,  -1.8476E-09,   3.2156E-11
     28,   1.5000E-02,  -1.4345E-09,   3.5135E-11
     29,   2.0000E-02,  -1.1679E-09,   5.5344E-11
     30,   2.5000E-02,  -8.7759E-10,   9.1615E-11

SERIES_4_3, "thinf", 17-Jul-2023, 12:20:45.645, 00:03:42.598,  ""
EPC10, V-Clamp,  1.4613E-11,  2.1853E+06,  8.7242E+01
Sweep #,     Ampl2[V],       Min[A],  peak - init
      1,  -1.2000E-01,  -8.7715E-10,  -9.0192E-10
      2,  -1.1000E-01,  -1.0677E-09,  -1.0771E-09
      3,  -1.0000E-01,  -1.1820E-09,  -1.1642E-09
      4,  -9.0000E-02,  -1.3439E-09,  -1.2536E-09
      5,  -8.0000E-02,  -1.6129E-09,  -1.3317E-09
      6,  -7.0000E-02,  -2.0993E-09,  -1.3449E-09
      7,  -6.0000E-02,  -3.1511E-09,  -1.0814E-09
      8,  -5.0000E-02,  -3.8240E-09,  -1.5150E-10
      9,  -4.0000E-02,  -1.4343E-09,   1.6881E-11
     10,  -3.0000E-02,  -1.2968E-10,  -1.2652E-11
     11,  -2.0000E-02,  -1.5275E-11,  -3.2652E-11
     12,  -1.0000E-02,   1.4712E-11,  -3.0265E-11
     13,   0.0000E+00,   2.4000E-11,  -8.6092E-11
     14,   1.0000E-02,   1.9425E-11,  -1.1723E-10
     15,   2.0000E-02,  -1.4350E-11,  -1.6768E-10
     16,   3.0000E-02,  -5.1150E-11,  -2.7440E-10

SERIES_6_2, "tivPPbefore", 17-Jul-2023, 12:49:57.430, 00:03:02.727,  ""
EPC10, V-Clamp,  2.4611E-11,  2.3205E+06,  9.0078E+01
Sweep #,     Ampl3[V],  peak - init,   end - init
      1,  -1.2000E-01,  -9.6354E-11,   7.5417E-12
      2,  -1.1500E-01,  -9.2917E-11,  -2.2438E-11
      3,  -1.1000E-01,  -1.0863E-10,   4.7917E-12
      4,  -1.0500E-01,  -1.7666E-10,  -9.5656E-11
      5,  -1.0000E-01,  -2.4166E-10,  -1.6018E-10
      6,  -9.5000E-02,  -4.3116E-10,  -3.6647E-10
      7,  -9.0000E-02,  -7.5195E-10,  -6.9486E-10
      8,  -8.5000E-02,  -1.8608E-09,  -1.8033E-09
      9,  -8.0000E-02,  -2.7188E-09,  -2.5319E-09
     10,  -7.5000E-02,  -4.0228E-09,  -3.7539E-09
     11,  -7.0000E-02,  -5.4992E-09,  -5.2278E-09
     12,  -6.5000E-02,  -6.9678E-09,  -6.3273E-09
     13,  -6.0000E-02,  -7.9910E-09,  -6.9243E-09
     14,  -5.5000E-02,  -8.5456E-09,  -6.7384E-09
     15,  -5.0000E-02,  -8.4054E-09,  -5.5759E-09
     16,  -4.5000E-02,  -7.6517E-09,  -3.7900E-09
     17,  -4.0000E-02,  -6.6982E-09,  -2.1392E-09
     18,  -3.5000E-02,  -5.6257E-09,  -8.7642E-10
     19,  -3.0000E-02,  -4.7239E-09,  -3.0551E-10
     20,  -2.5000E-02,  -3.9273E-09,  -3.8958E-11
     21,  -2.0000E-02,  -3.1693E-09,  -3.1771E-12
     22,  -1.5000E-02,  -2.5626E-09,   6.0031E-11
     23,  -1.0000E-02,  -2.0781E-09,   1.1640E-10
     24,  -5.0000E-03,  -1.6892E-09,   1.5715E-10
     25,   0.0000E+00,  -1.3049E-09,   2.9277E-10
     26,   5.0000E-03,  -1.0352E-09,   1.9428E-10
     27,   1.0000E-02,  -8.0668E-10,   2.8076E-10
     28,   1.5000E-02,  -6.2492E-10,   3.0760E-10
     29,   2.0000E-02,  -3.5871E-10,   4.6198E-10
     30,   2.5000E-02,  -1.8881E-10,   4.4246E-10

SERIES_6_3, "thinf", 17-Jul-2023, 12:50:36.395, 00:03:41.692,  ""
EPC10, V-Clamp,  2.4443E-11,  2.3598E+06,  9.0524E+01
Sweep #,     Ampl2[V],       Min[A],  peak - init
      1,  -1.2000E-01,  -2.1596E-09,  -2.3083E-09
      2,  -1.1000E-01,  -2.4227E-09,  -2.4393E-09
      3,  -1.0000E-01,  -2.6562E-09,  -2.5568E-09
      4,  -9.0000E-02,  -2.8480E-09,  -2.3412E-09
      5,  -8.0000E-02,  -3.1431E-09,  -1.5144E-09
      6,  -7.0000E-02,  -2.9085E-09,  -3.1700E-10
      7,  -6.0000E-02,  -2.1026E-09,   5.4956E-11
      8,  -5.0000E-02,  -5.6791E-10,  -3.8977E-11
      9,  -4.0000E-02,   1.3575E-11,  -3.5208E-11
     10,  -3.0000E-02,   8.1137E-11,  -3.7879E-11
     11,  -2.0000E-02,   1.1448E-10,  -9.8384E-11
     12,  -1.0000E-02,   1.2795E-10,  -1.4239E-10
     13,   0.0000E+00,   2.0273E-10,  -2.4970E-10
     14,   1.0000E-02,   1.7515E-10,  -3.8901E-10
     15,   2.0000E-02,   2.2586E-10,  -5.5023E-10
     16,   3.0000E-02,   1.2901E-10,  -8.2648E-10

SERIES_7_2, "tivPPbefore", 17-Jul-2023, 13:10:49.775, 00:03:27.697,  ""
EPC10, V-Clamp,  1.0185E-11,  2.4564E+06,  8.6029E+01
Sweep #,     Ampl3[V],  peak - init,   end - init
      1,  -1.2000E-01,  -5.0365E-11,  -7.5938E-12
      2,  -1.1500E-01,  -6.2010E-11,  -1.2406E-11
      3,  -1.1000E-01,  -3.2187E-11,   6.3146E-11
      4,  -1.0500E-01,  -5.3885E-11,   6.9479E-12
      5,  -1.0000E-01,  -9.9458E-11,  -1.7833E-11
      6,  -9.5000E-02,  -1.2406E-10,  -6.5104E-11
      7,  -9.0000E-02,  -2.8365E-10,  -2.2788E-10
      8,  -8.5000E-02,  -4.7909E-10,  -4.2976E-10
      9,  -8.0000E-02,  -8.3810E-10,  -7.5590E-10
     10,  -7.5000E-02,  -1.3723E-09,  -1.2779E-09
     11,  -7.0000E-02,  -1.9554E-09,  -1.7914E-09
     12,  -6.5000E-02,  -2.4344E-09,  -2.1604E-09
     13,  -6.0000E-02,  -2.6840E-09,  -2.2195E-09
     14,  -5.5000E-02,  -2.7746E-09,  -1.7668E-09
     15,  -5.0000E-02,  -2.5228E-09,  -1.0790E-09
     16,  -4.5000E-02,  -2.1753E-09,  -4.4111E-10
     17,  -4.0000E-02,  -1.7322E-09,  -5.9396E-11
     18,  -3.5000E-02,  -1.4044E-09,   2.1705E-10
     19,  -3.0000E-02,  -1.0081E-09,   2.7994E-10
     20,  -2.5000E-02,  -7.9586E-10,   3.1814E-10
     21,  -2.0000E-02,  -6.0396E-10,   3.7410E-10
     22,  -1.5000E-02,  -4.4919E-10,   3.6685E-10
     23,  -1.0000E-02,  -3.0865E-10,   4.1821E-10
     24,  -5.0000E-03,  -2.0437E-10,   4.8219E-10
     25,   0.0000E+00,  -1.6515E-10,   4.7406E-10
     26,   5.0000E-03,  -9.2760E-11,   6.4741E-10
     27,   1.0000E-02,  -3.0656E-11,   6.6795E-10
     28,   1.5000E-02,  -1.4198E-11,   7.3201E-10
     29,   2.0000E-02,  -1.6355E-12,   8.2922E-10
     30,   2.5000E-02,   1.4579E-13,   8.7902E-10

SERIES_7_3, "thinf", 17-Jul-2023, 13:12:24.786, 00:05:02.708,  ""
EPC10, V-Clamp,  9.9307E-12,  2.3583E+06,  8.5709E+01
Sweep #,     Ampl2[V],       Min[A],  peak - init
      1,  -1.2000E-01,  -3.3081E-10,  -5.3731E-10
      2,  -1.1000E-01,  -5.1716E-10,  -5.1156E-10
      3,  -1.0000E-01,  -4.9753E-10,  -4.9474E-10
      4,  -9.0000E-02,  -4.3346E-10,  -2.7580E-10
      5,  -8.0000E-02,  -4.7069E-10,  -2.3535E-11
      6,  -7.0000E-02,  -3.9731E-10,   3.7462E-11
      7,  -6.0000E-02,   3.2313E-11,   2.1269E-11
      8,  -5.0000E-02,   3.1196E-10,  -3.2639E-12
      9,  -4.0000E-02,   3.6019E-10,  -4.4760E-12
     10,  -3.0000E-02,   4.9570E-10,  -1.4028E-11
     11,  -2.0000E-02,   5.3275E-10,  -1.1869E-10
     12,  -1.0000E-02,   6.1334E-10,  -2.5321E-10
     13,   0.0000E+00,   6.0524E-10,  -4.4883E-10
     14,   1.0000E-02,   6.6795E-10,  -6.7238E-10
     15,   2.0000E-02,   7.9225E-10,  -1.0252E-09
     16,   3.0000E-02,   8.7392E-10,  -1.4473E-09

SERIES_8_2, "tivPPbefore", 17-Jul-2023, 13:25:54.916, 00:03:25.744,  ""
EPC10, V-Clamp,  3.5970E-11,  2.2176E+06,  9.0114E+01
Sweep #,     Ampl3[V],  peak - init,   end - init
      1,  -1.2000E-01,  -6.2521E-11,   1.3750E-11
      2,  -1.1500E-01,  -8.9563E-11,  -2.6875E-12
      3,  -1.1000E-01,  -1.2896E-10,  -4.7813E-11
      4,  -1.0500E-01,  -1.2527E-10,  -4.3229E-11
      5,  -1.0000E-01,  -1.6934E-10,  -5.7781E-11
      6,  -9.5000E-02,  -2.6595E-10,  -1.4843E-10
      7,  -9.0000E-02,  -3.3383E-10,  -2.4960E-10
      8,  -8.5000E-02,  -5.6023E-10,  -4.8706E-10
      9,  -8.0000E-02,  -7.6560E-10,  -7.0431E-10
     10,  -7.5000E-02,  -1.0156E-09,  -9.1495E-10
     11,  -7.0000E-02,  -1.2374E-09,  -1.1742E-09
     12,  -6.5000E-02,  -1.6079E-09,  -1.4533E-09
     13,  -6.0000E-02,  -1.8470E-09,  -1.6837E-09
     14,  -5.5000E-02,  -2.1218E-09,  -1.9838E-09
     15,  -5.0000E-02,  -2.6034E-09,  -2.5036E-09
     16,  -4.5000E-02,  -3.3439E-09,  -3.2453E-09
     17,  -4.0000E-02,  -4.3146E-09,  -4.0123E-09
     18,  -3.5000E-02,  -4.9247E-09,  -4.5840E-09
     19,  -3.0000E-02,  -5.5079E-09,  -4.7779E-09
     20,  -2.5000E-02,  -5.7435E-09,  -4.4087E-09
     21,  -2.0000E-02,  -5.7040E-09,  -3.3996E-09
     22,  -1.5000E-02,  -5.5582E-09,  -2.2578E-09
     23,  -1.0000E-02,  -5.5180E-09,  -1.2619E-09
     24,  -5.0000E-03,  -5.3657E-09,  -6.1676E-10
     25,   0.0000E+00,  -5.0923E-09,  -3.3941E-10
     26,   5.0000E-03,  -4.7835E-09,  -3.2283E-10
     27,   1.0000E-02,  -4.3049E-09,  -2.8420E-10
     28,   1.5000E-02,  -3.7646E-09,  -1.8279E-10
     29,   2.0000E-02,  -3.3494E-09,  -2.3244E-10
     30,   2.5000E-02,  -2.9715E-09,  -2.1744E-10

SERIES_8_3, "thinf", 17-Jul-2023, 13:26:48.583, 00:04:19.411,  ""
EPC10, V-Clamp,  3.5612E-11,  2.2613E+06,  9.0404E+01
Sweep #,     Ampl2[V],       Min[A],  peak - init
      1,  -1.2000E-01,  -1.2323E-09,  -1.3209E-09
      2,  -1.1000E-01,  -1.2908E-09,  -1.3113E-09
      3,  -1.0000E-01,  -1.4654E-09,  -1.3574E-09
      4,  -9.0000E-02,  -1.5560E-09,  -1.2510E-09
      5,  -8.0000E-02,  -1.8006E-09,  -1.0953E-09
      6,  -7.0000E-02,  -2.0393E-09,  -9.0190E-10
      7,  -6.0000E-02,  -2.4004E-09,  -7.9193E-10
      8,  -5.0000E-02,  -3.1407E-09,  -5.7162E-10
      9,  -4.0000E-02,  -3.6383E-09,  -1.7204E-10
     10,  -3.0000E-02,  -2.3044E-09,  -4.5455E-11
     11,  -2.0000E-02,  -8.7292E-10,  -1.1962E-10
     12,  -1.0000E-02,  -5.5493E-10,  -7.7929E-11
     13,   0.0000E+00,  -3.2034E-10,  -1.3196E-10
     14,   1.0000E-02,  -2.5425E-10,  -1.1267E-10
     15,   2.0000E-02,  -4.8025E-10,  -2.5421E-10
     16,   3.0000E-02,  -3.6368E-10,  -2.3892E-10

SERIES_9_2, "tivPPbefore", 17-Jul-2023, 13:39:22.447, 00:03:00.931, "mixed?"
EPC10, V-Clamp,  2.2039E-11,  2.9618E+06,  8.9960E+01
Sweep #,     Ampl3[V],  peak - init,   end - init
      1,  -1.2000E-01,  -7.6865E-11,   1.5073E-11
      2,  -1.1500E-01,  -5.8979E-11,   2.4250E-11
      3,  -1.1000E-01,  -1.0470E-10,  -4.2135E-11
      4,  -1.0500E-01,  -2.0640E-10,  -1.4525E-10
      5,  -1.0000E-01,  -3.2348E-09,  -3.0201E-09
      6,  -9.5000E-02,  -3.6222E-09,  -2.9076E-09
      7,  -9.0000E-02,  -3.6583E-09,  -2.9226E-09
      8,  -8.5000E-02,  -3.7228E-09,  -3.0763E-09
      9,  -8.0000E-02,  -4.1568E-09,  -3.3093E-09
     10,  -7.5000E-02,  -4.7210E-09,  -3.9044E-09
     11,  -7.0000E-02,  -5.7533E-09,  -5.1372E-09
     12,  -6.5000E-02,  -7.7621E-09,  -7.4200E-09
     13,  -6.0000E-02,  -1.1177E-08,  -1.1027E-08
     14,  -5.5000E-02,  -1.8874E-08,  -1.6467E-08
     15,  -5.0000E-02,  -1.8548E-08,  -1.2309E-08
     16,  -4.5000E-02,  -1.7599E-08,  -1.1377E-08
     17,  -4.0000E-02,  -1.6509E-08,  -9.2714E-09
     18,  -3.5000E-02,  -1.5514E-08,  -6.4418E-09
     19,  -3.0000E-02,  -1.4274E-08,  -3.7303E-09
     20,  -2.5000E-02,  -1.2504E-08,  -1.7753E-09
     21,  -2.0000E-02,  -1.0843E-08,  -7.3937E-10
     22,  -1.5000E-02,  -9.4611E-09,  -2.7035E-10
     23,  -1.0000E-02,  -8.1091E-09,  -2.4844E-11
     24,  -5.0000E-03,  -6.9552E-09,   1.4075E-10
     25,   0.0000E+00,  -6.0429E-09,   1.3742E-10
     26,   5.0000E-03,  -5.0730E-09,   1.8681E-10
     27,   1.0000E-02,  -4.1965E-09,   2.8940E-10
     28,   1.5000E-02,  -3.4252E-09,   3.3568E-10
     29,   2.0000E-02,  -2.7407E-09,   4.6434E-10
     30,   2.5000E-02,  -2.0020E-09,   5.0463E-10

SERIES_9_3, "thinf", 17-Jul-2023, 13:40:06.598, 00:03:45.082, "mixed?"
EPC10, V-Clamp,  2.1904E-11,  3.6084E+06,  8.9754E+01
Sweep #,     Ampl2[V],       Min[A],  peak - init
      1,  -1.2000E-01,  -4.8731E-09,  -5.1284E-09
      2,  -1.1000E-01,  -5.6196E-09,  -5.5813E-09
      3,  -1.0000E-01,  -5.8343E-09,  -5.6844E-09
      4,  -9.0000E-02,  -6.1536E-09,  -5.1733E-09
      5,  -8.0000E-02,  -6.8233E-09,  -4.4761E-09
      6,  -7.0000E-02,  -8.1193E-09,  -3.0885E-09
      7,  -6.0000E-02,  -9.3146E-09,   1.6181E-11
      8,  -5.0000E-02,  -5.4018E-09,   5.0669E-11
      9,  -4.0000E-02,  -1.7186E-09,   2.6136E-11
     10,  -3.0000E-02,  -3.2424E-10,  -4.9085E-11
     11,  -2.0000E-02,   9.2000E-11,  -1.3465E-10
     12,  -1.0000E-02,   3.2328E-10,  -1.3086E-10
     13,   0.0000E+00,   2.9998E-10,  -2.2407E-10
     14,   1.0000E-02,   8.4429E-10,  -2.6604E-10
     15,   2.0000E-02,   2.7376E-09,  -3.5790E-10
     16,   3.0000E-02,   2.4324E-09,  -5.8113E-10

SERIES_11_2, "tivPPbefore", 17-Jul-2023, 15:21:00.494, 00:03:00.447,  ""
EPC10, V-Clamp,  1.6546E-11,  1.9196E+06,  8.7348E+01
Sweep #,     Ampl3[V],  peak - init,   end - init
      1,  -1.2000E-01,  -8.2344E-11,  -1.4448E-11
      2,  -1.1500E-01,  -8.3875E-11,   1.2396E-11
      3,  -1.1000E-01,  -3.6250E-11,   2.6000E-11
      4,  -1.0500E-01,  -6.3833E-11,   3.7208E-11
      5,  -1.0000E-01,  -9.0625E-11,  -1.5271E-11
      6,  -9.5000E-02,  -1.1347E-10,  -2.2844E-11
      7,  -9.0000E-02,  -1.9960E-10,  -1.2123E-10
      8,  -8.5000E-02,  -2.4962E-10,  -1.6821E-10
      9,  -8.0000E-02,  -4.0730E-10,  -3.4093E-10
     10,  -7.5000E-02,  -6.9057E-10,  -5.8561E-10
     11,  -7.0000E-02,  -1.0168E-09,  -8.8754E-10
     12,  -6.5000E-02,  -1.3786E-09,  -1.1985E-09
     13,  -6.0000E-02,  -1.7026E-09,  -1.4476E-09
     14,  -5.5000E-02,  -1.9258E-09,  -1.5401E-09
     15,  -5.0000E-02,  -1.9595E-09,  -1.4008E-09
     16,  -4.5000E-02,  -1.8875E-09,  -1.0477E-09
     17,  -4.0000E-02,  -1.7196E-09,  -5.7797E-10
     18,  -3.5000E-02,  -1.5223E-09,  -2.7375E-10
     19,  -3.0000E-02,  -1.3030E-09,  -6.9521E-11
     20,  -2.5000E-02,  -1.1436E-09,   4.5604E-11
     21,  -2.0000E-02,  -9.3596E-10,   4.9146E-11
     22,  -1.5000E-02,  -8.4639E-10,   5.4656E-11
     23,  -1.0000E-02,  -6.4270E-10,   1.1551E-10
     24,  -5.0000E-03,  -5.6766E-10,   1.5970E-10
     25,   0.0000E+00,  -4.2450E-10,   1.7527E-10
     26,   5.0000E-03,  -3.8729E-10,   1.8931E-10
     27,   1.0000E-02,  -2.9024E-10,   2.7630E-10
     28,   1.5000E-02,  -2.1226E-10,   2.7241E-10
     29,   2.0000E-02,  -1.3902E-10,   3.7948E-10
     30,   2.5000E-02,  -9.3083E-11,   4.0929E-10

SERIES_11_3, "thinf", 17-Jul-2023, 15:21:40.958, 00:03:40.911,  ""
EPC10, V-Clamp,  1.6470E-11,  1.9253E+06,  8.7090E+01
Sweep #,     Ampl2[V],       Min[A],  peak - init
      1,  -1.2000E-01,  -6.2628E-10,  -6.8915E-10
      2,  -1.1000E-01,  -7.1948E-10,  -7.4332E-10
      3,  -1.0000E-01,  -7.2129E-10,  -7.3723E-10
      4,  -9.0000E-02,  -7.4176E-10,  -6.8984E-10
      5,  -8.0000E-02,  -8.2099E-10,  -5.8878E-10
      6,  -7.0000E-02,  -7.2290E-10,  -2.3562E-10
      7,  -6.0000E-02,  -5.0415E-10,  -1.9432E-11
      8,  -5.0000E-02,  -1.0095E-10,  -3.6212E-11
      9,  -4.0000E-02,   6.6425E-11,  -1.9066E-11
     10,  -3.0000E-02,   8.6362E-11,  -3.5915E-11
     11,  -2.0000E-02,   9.3000E-11,  -5.6269E-11
     12,  -1.0000E-02,   1.6099E-10,  -1.1980E-10
     13,   0.0000E+00,   1.0470E-10,  -2.1603E-10
     14,   1.0000E-02,   1.8840E-10,  -3.4933E-10
     15,   2.0000E-02,   1.7009E-10,  -5.4910E-10
     16,   3.0000E-02,   1.4704E-10,  -8.2511E-10

SERIES_12_2, "tivPPbefore", 17-Jul-2023, 15:36:03.150, 00:03:02.729,  ""
EPC10, V-Clamp,  2.6104E-11,  2.1304E+06,  8.9490E+01
Sweep #,     Ampl3[V],  peak - init,   end - init
      1,  -1.2000E-01,  -6.7792E-11,   2.9792E-11
      2,  -1.1500E-01,  -9.0052E-11,  -1.7990E-11
      3,  -1.1000E-01,  -1.3716E-10,  -5.6031E-11
      4,  -1.0500E-01,  -1.4034E-10,  -2.7969E-11
      5,  -1.0000E-01,  -2.2747E-10,  -8.9927E-11
      6,  -9.5000E-02,  -2.8949E-10,  -2.0845E-10
      7,  -9.0000E-02,  -3.1535E-10,  -2.3500E-10
      8,  -8.5000E-02,  -4.1481E-10,  -3.5679E-10
      9,  -8.0000E-02,  -6.4342E-10,  -5.3563E-10
     10,  -7.5000E-02,  -9.1749E-10,  -8.0395E-10
     11,  -7.0000E-02,  -1.3013E-09,  -1.1726E-09
     12,  -6.5000E-02,  -1.9387E-09,  -1.8234E-09
     13,  -6.0000E-02,  -2.5324E-09,  -2.3707E-09
     14,  -5.5000E-02,  -3.3029E-09,  -2.9727E-09
     15,  -5.0000E-02,  -3.7145E-09,  -3.0961E-09
     16,  -4.5000E-02,  -3.9188E-09,  -2.7818E-09
     17,  -4.0000E-02,  -3.8417E-09,  -2.0687E-09
     18,  -3.5000E-02,  -3.5775E-09,  -1.1992E-09
     19,  -3.0000E-02,  -3.0697E-09,  -4.4165E-10
     20,  -2.5000E-02,  -2.8201E-09,  -8.1854E-11
     21,  -2.0000E-02,  -2.3950E-09,   8.2667E-11
     22,  -1.5000E-02,  -2.0594E-09,   1.3280E-10
     23,  -1.0000E-02,  -1.7641E-09,   1.7660E-10
     24,  -5.0000E-03,  -1.5161E-09,   9.1865E-11
     25,   0.0000E+00,  -1.2310E-09,   1.7468E-10
     26,   5.0000E-03,  -1.0770E-09,   1.8372E-10
     27,   1.0000E-02,  -7.9085E-10,   2.7908E-10
     28,   1.5000E-02,  -6.7665E-10,   2.7046E-10
     29,   2.0000E-02,  -4.7614E-10,   3.9351E-10
     30,   2.5000E-02,  -3.0394E-10,   4.2996E-10

SERIES_12_3, "thinf", 17-Jul-2023, 15:36:54.224, 00:03:53.802,  ""
EPC10, V-Clamp,  2.5425E-11,  2.3484E+06,  8.9006E+01
Sweep #,     Ampl2[V],       Min[A],  peak - init
      1,  -1.2000E-01,  -1.2706E-09,  -1.4089E-09
      2,  -1.1000E-01,  -1.4365E-09,  -1.4321E-09
      3,  -1.0000E-01,  -1.4292E-09,  -1.4210E-09
      4,  -9.0000E-02,  -1.5756E-09,  -1.4122E-09
      5,  -8.0000E-02,  -1.7416E-09,  -1.4008E-09
      6,  -7.0000E-02,  -1.9683E-09,  -9.7206E-10
      7,  -6.0000E-02,  -2.0031E-09,  -4.0494E-10
      8,  -5.0000E-02,  -9.2985E-10,  -9.7898E-11
      9,  -4.0000E-02,  -1.3121E-10,  -3.8933E-11
     10,  -3.0000E-02,   5.0987E-11,  -4.1787E-11
     11,  -2.0000E-02,   9.3300E-11,  -8.4274E-11
     12,  -1.0000E-02,   8.4412E-11,  -1.2042E-10
     13,   0.0000E+00,   1.4040E-10,  -2.3383E-10
     14,   1.0000E-02,   1.8767E-10,  -3.6029E-10
     15,   2.0000E-02,   1.2671E-10,  -4.6619E-10
     16,   3.0000E-02,   1.8172E-10,  -7.9449E-10

SERIES_13_2, "tivPPbefore", 17-Jul-2023, 15:47:41.103, 00:03:00.400,  ""
EPC10, V-Clamp,  2.0883E-11,  2.0369E+06,  8.9085E+01
Sweep #,     Ampl3[V],  peak - init,   end - init
      1,  -1.2000E-01,  -8.0948E-11,   4.3240E-11
      2,  -1.1500E-01,  -1.1416E-10,  -9.2708E-13
      3,  -1.1000E-01,  -1.3150E-10,  -6.8562E-11
      4,  -1.0500E-01,  -2.1761E-10,  -9.6969E-11
      5,  -1.0000E-01,  -3.3906E-10,  -2.4067E-10
      6,  -9.5000E-02,  -4.9184E-10,  -4.2443E-10
      7,  -9.0000E-02,  -7.0177E-10,  -6.4427E-10
      8,  -8.5000E-02,  -9.8542E-10,  -9.3100E-10
      9,  -8.0000E-02,  -1.3531E-09,  -1.2315E-09
     10,  -7.5000E-02,  -2.0158E-09,  -1.8916E-09
     11,  -7.0000E-02,  -2.9319E-09,  -2.7840E-09
     12,  -6.5000E-02,  -4.0761E-09,  -3.9454E-09
     13,  -6.0000E-02,  -5.3495E-09,  -4.9776E-09
     14,  -5.5000E-02,  -6.2836E-09,  -5.4484E-09
     15,  -5.0000E-02,  -6.8712E-09,  -5.2158E-09
     16,  -4.5000E-02,  -6.6930E-09,  -3.8586E-09
     17,  -4.0000E-02,  -6.1902E-09,  -2.3842E-09
     18,  -3.5000E-02,  -5.7150E-09,  -9.8982E-10
     19,  -3.0000E-02,  -4.8763E-09,  -2.4621E-10
     20,  -2.5000E-02,  -4.2223E-09,  -1.2813E-12
     21,  -2.0000E-02,  -3.5449E-09,   1.0365E-10
     22,  -1.5000E-02,  -3.0099E-09,   1.6131E-10
     23,  -1.0000E-02,  -2.4836E-09,   1.8602E-10
     24,  -5.0000E-03,  -2.1020E-09,   2.1421E-10
     25,   0.0000E+00,  -1.7746E-09,   3.2491E-10
     26,   5.0000E-03,  -1.5101E-09,   3.0296E-10
     27,   1.0000E-02,  -1.1797E-09,   3.5654E-10
     28,   1.5000E-02,  -9.3100E-10,   4.1042E-10
     29,   2.0000E-02,  -6.6629E-10,   4.9469E-10
     30,   2.5000E-02,  -3.9693E-10,   6.6293E-10

SERIES_13_3, "thinf", 17-Jul-2023, 15:48:49.864, 00:04:09.161,  ""
EPC10, V-Clamp,  2.0762E-11,  2.0693E+06,  8.8799E+01
Sweep #,     Ampl2[V],       Min[A],  peak - init
      1,  -1.2000E-01,  -3.1769E-09,  -3.2237E-09
      2,  -1.1000E-01,  -3.2338E-09,  -3.2097E-09
      3,  -1.0000E-01,  -3.2401E-09,  -3.0863E-09
      4,  -9.0000E-02,  -3.5865E-09,  -3.0901E-09
      5,  -8.0000E-02,  -3.9083E-09,  -2.8560E-09
      6,  -7.0000E-02,  -4.1947E-09,  -1.8085E-09
      7,  -6.0000E-02,  -3.4876E-09,  -7.1456E-10
      8,  -5.0000E-02,  -1.0249E-09,  -2.1090E-10
      9,  -4.0000E-02,   3.3575E-11,  -1.3030E-11
     10,  -3.0000E-02,   2.3951E-10,  -3.6711E-11
     11,  -2.0000E-02,   1.7553E-10,  -9.4129E-11
     12,  -1.0000E-02,   2.9565E-10,  -9.0884E-11
     13,   0.0000E+00,   1.2695E-10,  -2.4069E-10
     14,   1.0000E-02,   2.3562E-10,  -2.8557E-10
     15,   2.0000E-02,   2.3018E-10,  -4.3074E-10
     16,   3.0000E-02,   2.3462E-10,  -6.4679E-10

SERIES_16_2, "tivPPbefore", 17-Jul-2023, 16:22:12.338, 00:03:01.041,  ""
EPC10, V-Clamp,  1.1042E-11,  2.8472E+06,  8.7127E+01
Sweep #,     Ampl3[V],  peak - init,   end - init
      1,  -1.2000E-01,  -5.9917E-11,   3.2771E-11
      2,  -1.1500E-01,  -5.1219E-11,  -1.0615E-11
      3,  -1.1000E-01,  -1.0152E-10,  -4.7521E-11
      4,  -1.0500E-01,  -1.6986E-10,  -8.4594E-11
      5,  -1.0000E-01,  -3.3910E-10,  -3.1956E-10
      6,  -9.5000E-02,  -5.0613E-10,  -3.6398E-10
      7,  -9.0000E-02,  -7.6529E-10,  -6.2390E-10
      8,  -8.5000E-02,  -9.2888E-10,  -7.4752E-10
      9,  -8.0000E-02,  -1.1893E-09,  -9.2486E-10
     10,  -7.5000E-02,  -1.3929E-09,  -1.1305E-09
     11,  -7.0000E-02,  -1.6591E-09,  -1.3460E-09
     12,  -6.5000E-02,  -1.9791E-09,  -1.7270E-09
     13,  -6.0000E-02,  -2.3304E-09,  -1.9162E-09
     14,  -5.5000E-02,  -2.6322E-09,  -2.0751E-09
     15,  -5.0000E-02,  -2.8007E-09,  -2.0412E-09
     16,  -4.5000E-02,  -2.7832E-09,  -1.7826E-09
     17,  -4.0000E-02,  -2.7260E-09,  -1.3364E-09
     18,  -3.5000E-02,  -2.4486E-09,  -8.3680E-10
     19,  -3.0000E-02,  -2.2063E-09,  -2.6587E-10
     20,  -2.5000E-02,  -2.0148E-09,  -3.6917E-11
     21,  -2.0000E-02,  -1.8011E-09,   1.5323E-10
     22,  -1.5000E-02,  -1.6078E-09,   1.6933E-10
     23,  -1.0000E-02,  -1.4175E-09,   1.9065E-10
     24,  -5.0000E-03,  -1.2605E-09,   2.1697E-10
     25,   0.0000E+00,  -1.1040E-09,   2.3564E-10
     26,   5.0000E-03,  -9.4292E-10,   2.4429E-10
     27,   1.0000E-02,  -8.2596E-10,   3.0294E-10
     28,   1.5000E-02,  -6.7208E-10,   2.6844E-10
     29,   2.0000E-02,  -5.7334E-10,   3.6622E-10
     30,   2.5000E-02,  -4.6302E-10,   2.9198E-10

SERIES_16_3, "thinf", 17-Jul-2023, 16:22:52.302, 00:03:41.005,  ""
EPC10, V-Clamp,  1.0930E-11,  2.8809E+06,  8.6907E+01
Sweep #,     Ampl2[V],       Min[A],  peak - init
      1,  -1.2000E-01,  -1.3804E-09,  -1.3923E-09
      2,  -1.1000E-01,  -1.4952E-09,  -1.4890E-09
      3,  -1.0000E-01,  -1.6852E-09,  -1.4857E-09
      4,  -9.0000E-02,  -1.8196E-09,  -1.4199E-09
      5,  -8.0000E-02,  -1.7807E-09,  -1.0995E-09
      6,  -7.0000E-02,  -1.6593E-09,  -6.4432E-10
      7,  -6.0000E-02,  -1.2909E-09,  -1.8064E-10
      8,  -5.0000E-02,  -6.1086E-10,  -1.5587E-11
      9,  -4.0000E-02,   5.4475E-11,  -1.4754E-11
     10,  -3.0000E-02,   2.1649E-10,  -9.8801E-12
     11,  -2.0000E-02,   2.0295E-10,  -6.4722E-11
     12,  -1.0000E-02,   2.2996E-10,  -6.3870E-11
     13,   0.0000E+00,   3.0751E-10,  -1.0970E-10
     14,   1.0000E-02,   3.2352E-10,  -1.5030E-10
     15,   2.0000E-02,   4.2665E-10,  -1.6486E-10
     16,   3.0000E-02,   3.3429E-10,  -2.1970E-10

SERIES_17_2, "tivPPbefore", 17-Jul-2023, 16:33:49.086, 00:03:03.149,  ""
EPC10, V-Clamp,  1.6857E-11,  2.4672E+06,  8.9374E+01
Sweep #,     Ampl3[V],  peak - init,   end - init
      1,  -1.2000E-01,  -8.9229E-11,  -3.8021E-11
      2,  -1.1500E-01,  -5.6740E-11,   1.4365E-11
      3,  -1.1000E-01,  -7.1635E-11,  -1.5198E-11
      4,  -1.0500E-01,  -8.9271E-11,  -2.8938E-11
      5,  -1.0000E-01,  -9.9094E-11,  -5.3031E-11
      6,  -9.5000E-02,  -1.4907E-10,  -8.3635E-11
      7,  -9.0000E-02,  -2.0472E-10,  -1.2868E-10
      8,  -8.5000E-02,  -3.7003E-10,  -3.1068E-10
      9,  -8.0000E-02,  -5.5470E-10,  -4.9591E-10
     10,  -7.5000E-02,  -7.8083E-10,  -6.5154E-10
     11,  -7.0000E-02,  -1.1520E-09,  -1.0039E-09
     12,  -6.5000E-02,  -1.9432E-09,  -1.8367E-09
     13,  -6.0000E-02,  -2.9446E-09,  -2.6086E-09
     14,  -5.5000E-02,  -4.1899E-09,  -3.8646E-09
     15,  -5.0000E-02,  -5.7287E-09,  -5.3155E-09
     16,  -4.5000E-02,  -7.4475E-09,  -6.7572E-09
     17,  -4.0000E-02,  -8.9305E-09,  -7.6236E-09
     18,  -3.5000E-02,  -9.4790E-09,  -6.8425E-09
     19,  -3.0000E-02,  -9.3180E-09,  -5.0795E-09
     20,  -2.5000E-02,  -8.7038E-09,  -3.0807E-09
     21,  -2.0000E-02,  -7.6681E-09,  -1.4091E-09
     22,  -1.5000E-02,  -6.6860E-09,  -6.0400E-10
     23,  -1.0000E-02,  -5.7375E-09,  -2.6458E-10
     24,  -5.0000E-03,  -4.8899E-09,  -1.4085E-10
     25,   0.0000E+00,  -4.1866E-09,  -8.7125E-11
     26,   5.0000E-03,  -3.6284E-09,  -7.3583E-11
     27,   1.0000E-02,  -3.0304E-09,  -8.0594E-11
     28,   1.5000E-02,  -2.6047E-09,  -3.2844E-11
     29,   2.0000E-02,  -2.1422E-09,  -3.3646E-12
     30,   2.5000E-02,  -1.7405E-09,   4.5865E-11

SERIES_17_3, "thinf", 17-Jul-2023, 16:35:14.442, 00:04:28.505,  ""
EPC10, V-Clamp,  1.6149E-11,  2.5545E+06,  8.9019E+01
Sweep #,     Ampl2[V],       Min[A],  peak - init
      1,  -1.2000E-01,  -2.8160E-09,  -2.8225E-09
      2,  -1.1000E-01,  -2.9393E-09,  -2.8988E-09
      3,  -1.0000E-01,  -3.0677E-09,  -3.0543E-09
      4,  -9.0000E-02,  -3.4474E-09,  -3.2275E-09
      5,  -8.0000E-02,  -4.0300E-09,  -3.4259E-09
      6,  -7.0000E-02,  -4.8252E-09,  -2.9945E-09
      7,  -6.0000E-02,  -6.2404E-09,  -1.9941E-09
      8,  -5.0000E-02,  -5.9580E-09,  -2.8271E-10
      9,  -4.0000E-02,  -2.3062E-09,   5.6408E-11
     10,  -3.0000E-02,  -3.9908E-10,  -1.9539E-11
     11,  -2.0000E-02,  -6.1112E-11,  -3.3990E-11
     12,  -1.0000E-02,  -1.4279E-10,  -7.7348E-11
     13,   0.0000E+00,  -6.9500E-11,  -5.7273E-11
     14,   1.0000E-02,   1.3750E-12,  -4.6705E-11
     15,   2.0000E-02,  -4.0862E-11,  -1.2717E-10
     16,   3.0000E-02,  -6.5012E-11,  -1.7478E-10

SERIES_18_2, "tivPPbefore", 17-Jul-2023, 16:46:43.760, 00:03:11.963,  ""
EPC10, V-Clamp,  1.3494E-11,  2.5004E+06,  8.8187E+01
Sweep #,     Ampl3[V],  peak - init,   end - init
      1,  -1.2000E-01,  -6.6802E-11,  -1.6198E-11
      2,  -1.1500E-01,  -2.9260E-11,   3.6281E-11
      3,  -1.1000E-01,  -8.4729E-11,  -3.2625E-11
      4,  -1.0500E-01,  -1.0012E-10,  -4.3229E-11
      5,  -1.0000E-01,  -2.1258E-10,  -1.6487E-10
      6,  -9.5000E-02,  -3.7234E-10,  -3.1095E-10
      7,  -9.0000E-02,  -6.6524E-10,  -5.4989E-10
      8,  -8.5000E-02,  -7.7407E-10,  -5.9349E-10
      9,  -8.0000E-02,  -8.5454E-10,  -6.5221E-10
     10,  -7.5000E-02,  -9.8901E-10,  -7.8041E-10
     11,  -7.0000E-02,  -1.1259E-09,  -8.9307E-10
     12,  -6.5000E-02,  -1.4394E-09,  -1.1839E-09
     13,  -6.0000E-02,  -1.7973E-09,  -1.5627E-09
     14,  -5.5000E-02,  -2.3452E-09,  -1.9895E-09
     15,  -5.0000E-02,  -3.0091E-09,  -2.6031E-09
     16,  -4.5000E-02,  -3.7363E-09,  -3.1605E-09
     17,  -4.0000E-02,  -4.4112E-09,  -3.5583E-09
     18,  -3.5000E-02,  -4.7588E-09,  -3.4765E-09
     19,  -3.0000E-02,  -4.8879E-09,  -3.1254E-09
     20,  -2.5000E-02,  -4.7336E-09,  -2.4774E-09
     21,  -2.0000E-02,  -4.5481E-09,  -1.7274E-09
     22,  -1.5000E-02,  -4.1174E-09,  -1.0386E-09
     23,  -1.0000E-02,  -3.7388E-09,  -6.0782E-10
     24,  -5.0000E-03,  -3.4377E-09,  -4.0342E-10
     25,   0.0000E+00,  -3.0420E-09,  -2.3398E-10
     26,   5.0000E-03,  -2.7681E-09,  -2.1946E-10
     27,   1.0000E-02,  -2.4913E-09,  -1.7916E-10
     28,   1.5000E-02,  -2.1969E-09,  -1.8667E-10
     29,   2.0000E-02,  -1.9362E-09,  -1.2446E-10
     30,   2.5000E-02,  -1.7636E-09,  -1.4549E-10

SERIES_18_3, "thinf", 17-Jul-2023, 16:48:14.567, 00:04:42.770,  ""
EPC10, V-Clamp,  1.2111E-11,  2.6590E+06,  8.7249E+01
Sweep #,     Ampl2[V],       Min[A],  peak - init
      1,  -1.2000E-01,  -1.6114E-09,  -1.5943E-09
      2,  -1.1000E-01,  -1.6539E-09,  -1.6258E-09
      3,  -1.0000E-01,  -1.7002E-09,  -1.6937E-09
      4,  -9.0000E-02,  -1.9390E-09,  -1.7270E-09
      5,  -8.0000E-02,  -2.0775E-09,  -1.6603E-09
      6,  -7.0000E-02,  -2.2019E-09,  -1.6389E-09
      7,  -6.0000E-02,  -2.5900E-09,  -1.2835E-09
      8,  -5.0000E-02,  -2.6937E-09,  -6.3152E-10
      9,  -4.0000E-02,  -2.1771E-09,  -1.0626E-10
     10,  -3.0000E-02,  -1.2240E-09,  -1.5713E-11
     11,  -2.0000E-02,  -5.7391E-10,  -7.3636E-11
     12,  -1.0000E-02,  -3.8852E-10,  -7.2348E-11
     13,   0.0000E+00,  -2.8130E-10,  -8.4179E-11
     14,   1.0000E-02,  -2.8971E-10,  -9.6092E-11
     15,   2.0000E-02,  -3.0257E-10,  -1.5295E-10
     16,   3.0000E-02,  -2.9948E-10,  -1.5249E-10

SERIES_21_2, "tivPPbefore", 18-Jul-2023, 11:02:07.869, 00:03:00.353,  ""
EPC10, V-Clamp,  8.6663E-12,  2.4610E+06,  8.4933E+01
Sweep #,     Ampl3[V],  peak - init,   end - init
      1,  -1.2000E-01,  -6.9771E-11,   2.3896E-11
      2,  -1.1500E-01,  -7.7250E-11,  -1.7667E-11
      3,  -1.1000E-01,  -8.4354E-11,  -4.3354E-11
      4,  -1.0500E-01,  -9.5719E-11,  -4.3969E-11
      5,  -1.0000E-01,  -1.3701E-10,  -6.0698E-11
      6,  -9.5000E-02,  -1.7023E-10,  -1.2473E-10
      7,  -9.0000E-02,  -3.1997E-10,  -2.4670E-10
      8,  -8.5000E-02,  -4.5800E-10,  -4.0662E-10
      9,  -8.0000E-02,  -6.6273E-10,  -5.8712E-10
     10,  -7.5000E-02,  -1.0425E-09,  -9.2257E-10
     11,  -7.0000E-02,  -1.5928E-09,  -1.4481E-09
     12,  -6.5000E-02,  -2.2862E-09,  -2.1335E-09
     13,  -6.0000E-02,  -3.0485E-09,  -2.7831E-09
     14,  -5.5000E-02,  -3.6938E-09,  -3.3449E-09
     15,  -5.0000E-02,  -4.2208E-09,  -3.6469E-09
     16,  -4.5000E-02,  -4.5592E-09,  -3.6019E-09
     17,  -4.0000E-02,  -4.4789E-09,  -3.0922E-09
     18,  -3.5000E-02,  -4.1491E-09,  -2.1849E-09
     19,  -3.0000E-02,  -3.5588E-09,  -1.2838E-09
     20,  -2.5000E-02,  -3.0294E-09,  -5.1380E-10
     21,  -2.0000E-02,  -2.5151E-09,  -1.4618E-10
     22,  -1.5000E-02,  -2.0670E-09,   4.1792E-11
     23,  -1.0000E-02,  -1.6735E-09,   1.1548E-10
     24,  -5.0000E-03,  -1.3929E-09,   1.2940E-10
     25,   0.0000E+00,  -1.1757E-09,   1.9699E-10
     26,   5.0000E-03,  -1.0285E-09,   1.2240E-10
     27,   1.0000E-02,  -8.2952E-10,   2.3765E-10
     28,   1.5000E-02,  -6.5382E-10,   3.1193E-10
     29,   2.0000E-02,  -5.3420E-10,   3.4145E-10
     30,   2.5000E-02,  -4.8443E-10,   3.1580E-10

SERIES_21_3, "thinf", 18-Jul-2023, 11:02:46.489, 00:03:38.973,  ""
EPC10, V-Clamp,  8.5697E-12,  2.1503E+06,  8.3318E+01
Sweep #,     Ampl2[V],       Min[A],  peak - init
      1,  -1.2000E-01,  -7.4229E-10,  -7.9689E-10
      2,  -1.1000E-01,  -8.6605E-10,  -9.1825E-10
      3,  -1.0000E-01,  -9.7617E-10,  -9.9662E-10
      4,  -9.0000E-02,  -1.1256E-09,  -1.0369E-09
      5,  -8.0000E-02,  -1.2752E-09,  -9.7469E-10
      6,  -7.0000E-02,  -1.5655E-09,  -7.8181E-10
      7,  -6.0000E-02,  -1.6736E-09,  -4.0467E-10
      8,  -5.0000E-02,  -1.3927E-09,  -3.5145E-11
      9,  -4.0000E-02,  -5.1619E-10,   1.4703E-11
     10,  -3.0000E-02,   5.7900E-11,  -2.4053E-12
     11,  -2.0000E-02,   9.8187E-11,  -4.3864E-11
     12,  -1.0000E-02,   1.4455E-10,  -6.9830E-11
     13,   0.0000E+00,   8.5787E-11,  -1.7222E-10
     14,   1.0000E-02,   6.1250E-11,  -2.5734E-10
     15,   2.0000E-02,   1.4969E-10,  -3.5463E-10
     16,   3.0000E-02,   1.0469E-10,  -4.7919E-10

SERIES_22_2, "tivPPbefore", 18-Jul-2023, 11:14:48.103, 00:03:03.837,  ""
EPC10, V-Clamp,  1.0638E-11,  2.0455E+06,  8.5344E+01
Sweep #,     Ampl3[V],  peak - init,   end - init
      1,  -1.2000E-01,  -6.6208E-11,  -2.2083E-12
      2,  -1.1500E-01,  -4.6864E-11,   4.1260E-11
      3,  -1.1000E-01,  -2.5812E-11,   3.6188E-11
      4,  -1.0500E-01,  -1.4281E-10,  -3.9708E-11
      5,  -1.0000E-01,  -7.0062E-11,   1.7625E-11
      6,  -9.5000E-02,  -6.1750E-11,  -4.0625E-12
      7,  -9.0000E-02,  -9.7208E-11,   1.3958E-12
      8,  -8.5000E-02,  -1.3127E-10,  -8.4500E-11
      9,  -8.0000E-02,  -3.4446E-10,  -1.9477E-10
     10,  -7.5000E-02,  -3.9731E-10,  -2.2783E-10
     11,  -7.0000E-02,  -5.0227E-10,  -3.1552E-10
     12,  -6.5000E-02,  -7.3211E-10,  -6.0884E-10
     13,  -6.0000E-02,  -9.4727E-10,  -7.5406E-10
     14,  -5.5000E-02,  -1.1685E-09,  -8.9960E-10
     15,  -5.0000E-02,  -1.3008E-09,  -8.9475E-10
     16,  -4.5000E-02,  -1.3600E-09,  -8.2879E-10
     17,  -4.0000E-02,  -1.4079E-09,  -5.8632E-10
     18,  -3.5000E-02,  -1.2615E-09,  -2.3271E-10
     19,  -3.0000E-02,  -1.1011E-09,   1.7678E-10
     20,  -2.5000E-02,  -9.4860E-10,   2.4135E-10
     21,  -2.0000E-02,  -7.6358E-10,   3.7110E-10
     22,  -1.5000E-02,  -6.1014E-10,   4.8486E-10
     23,  -1.0000E-02,  -5.6111E-10,   4.6059E-10
     24,  -5.0000E-03,  -4.1638E-10,   5.4252E-10
     25,   0.0000E+00,  -2.5973E-10,   6.5106E-10
     26,   5.0000E-03,  -1.5046E-10,   7.5548E-10
     27,   1.0000E-02,  -2.5021E-11,   8.6329E-10
     28,   1.5000E-02,  -2.3552E-11,   9.4441E-10
     29,   2.0000E-02,   1.6344E-11,   1.0504E-09
     30,   2.5000E-02,  -2.0594E-11,   1.2207E-09

SERIES_22_3, "thinf", 18-Jul-2023, 11:15:44.567, 00:04:00.301,  ""
EPC10, V-Clamp,  1.0554E-11,  2.0893E+06,  8.4653E+01
Sweep #,     Ampl2[V],       Min[A],  peak - init
      1,  -1.2000E-01,  -2.5891E-10,  -3.9273E-10
      2,  -1.1000E-01,  -3.6514E-10,  -3.8698E-10
      3,  -1.0000E-01,  -3.0661E-10,  -3.8831E-10
      4,  -9.0000E-02,  -4.3569E-10,  -3.7853E-10
      5,  -8.0000E-02,  -4.8850E-10,  -3.4878E-10
      6,  -7.0000E-02,  -4.8236E-10,  -2.0782E-10
      7,  -6.0000E-02,  -5.2315E-10,  -1.4808E-10
      8,  -5.0000E-02,  -1.2433E-10,  -4.9748E-12
      9,  -4.0000E-02,   1.1463E-10,  -1.8112E-11
     10,  -3.0000E-02,   3.5397E-10,  -3.7778E-11
     11,  -2.0000E-02,   4.2315E-10,  -9.7475E-11
     12,  -1.0000E-02,   4.1419E-10,  -2.4489E-10
     13,   0.0000E+00,   4.4470E-10,  -3.8626E-10
     14,   1.0000E-02,   5.2415E-10,  -6.0716E-10
     15,   2.0000E-02,   4.1325E-10,  -8.8713E-10
     16,   3.0000E-02,   4.3480E-10,  -1.3802E-09

SERIES_23_2, "tivPPbefore", 18-Jul-2023, 11:28:13.275, 00:03:00.338,  ""
EPC10, V-Clamp,  1.7925E-11,  2.0306E+06,  8.8233E+01
Sweep #,     Ampl3[V],  peak - init,   end - init
      1,  -1.2000E-01,  -5.8146E-11,   5.9208E-11
      2,  -1.1500E-01,  -7.9167E-11,  -1.5188E-11
      3,  -1.1000E-01,  -6.1156E-11,   1.1844E-11
      4,  -1.0500E-01,  -5.2927E-11,   3.6031E-11
      5,  -1.0000E-01,  -4.3948E-11,   4.4594E-11
      6,  -9.5000E-02,  -6.5719E-11,  -1.5844E-11
      7,  -9.0000E-02,  -1.0801E-10,  -4.2135E-11
      8,  -8.5000E-02,  -8.3156E-11,  -3.5865E-11
      9,  -8.0000E-02,  -8.3208E-11,  -1.2000E-11
     10,  -7.5000E-02,  -1.3802E-10,  -5.0708E-11
     11,  -7.0000E-02,  -1.8258E-10,  -8.1854E-11
     12,  -6.5000E-02,  -2.7436E-10,  -1.8532E-10
     13,  -6.0000E-02,  -4.2038E-10,  -3.2906E-10
     14,  -5.5000E-02,  -6.3568E-10,  -5.4978E-10
     15,  -5.0000E-02,  -8.9444E-10,  -7.7460E-10
     16,  -4.5000E-02,  -1.1751E-09,  -9.3114E-10
     17,  -4.0000E-02,  -1.4118E-09,  -1.0894E-09
     18,  -3.5000E-02,  -1.4381E-09,  -9.1092E-10
     19,  -3.0000E-02,  -1.4793E-09,  -7.2968E-10
     20,  -2.5000E-02,  -1.3885E-09,  -4.2989E-10
     21,  -2.0000E-02,  -1.2262E-09,  -1.4949E-10
     22,  -1.5000E-02,  -1.0741E-09,  -4.6510E-11
     23,  -1.0000E-02,  -9.7880E-10,   6.8021E-12
     24,  -5.0000E-03,  -8.5435E-10,   4.3563E-11
     25,   0.0000E+00,  -7.1248E-10,   7.0500E-11
     26,   5.0000E-03,  -6.6856E-10,   7.6854E-11
     27,   1.0000E-02,  -6.0343E-10,   1.2845E-10
     28,   1.5000E-02,  -5.2452E-10,   1.3185E-10
     29,   2.0000E-02,  -4.0388E-10,   1.6887E-10
     30,   2.5000E-02,  -3.8468E-10,   1.4526E-10

SERIES_23_3, "thinf", 18-Jul-2023, 11:28:52.395, 00:03:39.458,  ""
EPC10, V-Clamp,  1.8015E-11,  2.0380E+06,  8.7911E+01
Sweep #,     Ampl2[V],       Min[A],  peak - init
      1,  -1.2000E-01,  -3.8897E-10,  -4.3621E-10
      2,  -1.1000E-01,  -4.5694E-10,  -4.9352E-10
      3,  -1.0000E-01,  -4.5608E-10,  -4.4951E-10
      4,  -9.0000E-02,  -5.1590E-10,  -5.3274E-10
      5,  -8.0000E-02,  -5.6630E-10,  -5.3164E-10
      6,  -7.0000E-02,  -6.3995E-10,  -5.5005E-10
      7,  -6.0000E-02,  -7.8324E-10,  -4.4818E-10
      8,  -5.0000E-02,  -7.8179E-10,  -2.1573E-10
      9,  -4.0000E-02,  -3.4701E-10,  -3.5587E-11
     10,  -3.0000E-02,  -1.7075E-11,  -2.2487E-11
     11,  -2.0000E-02,  -7.4500E-12,  -8.8333E-11
     12,  -1.0000E-02,  -1.1938E-11,  -7.1244E-11
     13,   0.0000E+00,   7.5112E-11,  -1.1381E-10
     14,   1.0000E-02,   6.1862E-11,  -1.8789E-10
     15,   2.0000E-02,   1.6750E-11,  -2.5198E-10
     16,   3.0000E-02,   3.5712E-11,  -3.5720E-10

SERIES_25_2, "tivPPbefore", 18-Jul-2023, 11:48:12.510, 00:03:00.338,  ""
EPC10, V-Clamp,  1.4245E-11,  2.2999E+06,  8.7885E+01
Sweep #,     Ampl3[V],  peak - init,   end - init
      1,  -1.2000E-01,  -7.9854E-11,  -8.9167E-12
      2,  -1.1500E-01,  -5.2802E-11,   5.5823E-11
      3,  -1.1000E-01,  -6.6115E-11,   6.3437E-12
      4,  -1.0500E-01,  -7.1594E-11,  -2.2010E-11
      5,  -1.0000E-01,  -1.0720E-10,  -7.4115E-11
      6,  -9.5000E-02,  -1.0877E-10,  -4.4542E-11
      7,  -9.0000E-02,  -2.5920E-10,  -1.7016E-10
      8,  -8.5000E-02,  -3.6801E-10,  -2.9624E-10
      9,  -8.0000E-02,  -6.9978E-10,  -5.8391E-10
     10,  -7.5000E-02,  -1.1024E-09,  -9.7830E-10
     11,  -7.0000E-02,  -1.6550E-09,  -1.5457E-09
     12,  -6.5000E-02,  -2.4253E-09,  -2.1932E-09
     13,  -6.0000E-02,  -3.2471E-09,  -2.9378E-09
     14,  -5.5000E-02,  -3.8324E-09,  -3.2898E-09
     15,  -5.0000E-02,  -4.2095E-09,  -3.2425E-09
     16,  -4.5000E-02,  -4.2907E-09,  -2.6579E-09
     17,  -4.0000E-02,  -4.0068E-09,  -1.7077E-09
     18,  -3.5000E-02,  -3.4921E-09,  -7.8062E-10
     19,  -3.0000E-02,  -3.0001E-09,  -2.5877E-10
     20,  -2.5000E-02,  -2.4504E-09,  -7.5583E-11
     21,  -2.0000E-02,  -2.0496E-09,  -4.0624E-13
     22,  -1.5000E-02,  -1.6481E-09,   1.0388E-10
     23,  -1.0000E-02,  -1.4013E-09,   9.7448E-11
     24,  -5.0000E-03,  -1.1068E-09,   1.3494E-10
     25,   0.0000E+00,  -9.2196E-10,   1.3263E-10
     26,   5.0000E-03,  -7.3068E-10,   1.5284E-10
     27,   1.0000E-02,  -5.8381E-10,   1.9448E-10
     28,   1.5000E-02,  -4.0548E-10,   2.6387E-10
     29,   2.0000E-02,  -2.8511E-10,   2.9730E-10
     30,   2.5000E-02,  -1.2368E-10,   3.2653E-10

SERIES_25_3, "thinf", 18-Jul-2023, 11:48:49.723, 00:03:37.551,  ""
EPC10, V-Clamp,  1.4226E-11,  2.2945E+06,  8.8093E+01
Sweep #,     Ampl2[V],       Min[A],  peak - init
      1,  -1.2000E-01,  -1.0187E-09,  -1.0953E-09
      2,  -1.1000E-01,  -1.1707E-09,  -1.2208E-09
      3,  -1.0000E-01,  -1.3688E-09,  -1.2995E-09
      4,  -9.0000E-02,  -1.4389E-09,  -1.3474E-09
      5,  -8.0000E-02,  -1.6248E-09,  -1.1322E-09
      6,  -7.0000E-02,  -1.7368E-09,  -5.5016E-10
      7,  -6.0000E-02,  -1.3273E-09,   1.1623E-11
      8,  -5.0000E-02,  -3.7312E-10,   1.7620E-11
      9,  -4.0000E-02,   3.5587E-11,  -1.3700E-12
     10,  -3.0000E-02,   4.9213E-11,  -4.2506E-11
     11,  -2.0000E-02,   1.1510E-10,  -5.5114E-11
     12,  -1.0000E-02,   1.2701E-10,  -7.6269E-11
     13,   0.0000E+00,   1.3696E-10,  -1.5191E-10
     14,   1.0000E-02,   1.2556E-10,  -1.9891E-10
     15,   2.0000E-02,   1.1069E-10,  -2.8777E-10
     16,   3.0000E-02,   1.7361E-10,  -4.5959E-10

SERIES_26_2, "tivPPbefore", 18-Jul-2023, 12:04:01.072, 00:03:05.291,  ""
EPC10, V-Clamp,  1.4022E-11,  2.7567E+06,  8.8322E+01
Sweep #,     Ampl3[V],  peak - init,   end - init
      1,  -1.2000E-01,  -8.1365E-11,  -5.7188E-12
      2,  -1.1500E-01,  -6.5177E-11,   3.9198E-11
      3,  -1.1000E-01,  -1.0951E-10,   4.7073E-11
      4,  -1.0500E-01,  -1.2606E-10,  -2.5542E-11
      5,  -1.0000E-01,  -1.2272E-10,  -3.6490E-11
      6,  -9.5000E-02,  -1.7274E-10,  -8.9698E-11
      7,  -9.0000E-02,  -2.9222E-10,  -1.9893E-10
      8,  -8.5000E-02,  -4.6288E-10,  -3.6033E-10
      9,  -8.0000E-02,  -7.5906E-10,  -6.5235E-10
     10,  -7.5000E-02,  -1.1426E-09,  -1.0239E-09
     11,  -7.0000E-02,  -1.8174E-09,  -1.6513E-09
     12,  -6.5000E-02,  -2.5553E-09,  -2.4025E-09
     13,  -6.0000E-02,  -3.4441E-09,  -3.2117E-09
     14,  -5.5000E-02,  -4.1166E-09,  -3.7636E-09
     15,  -5.0000E-02,  -4.6175E-09,  -3.9356E-09
     16,  -4.5000E-02,  -4.6613E-09,  -3.4224E-09
     17,  -4.0000E-02,  -4.4950E-09,  -2.6129E-09
     18,  -3.5000E-02,  -4.0167E-09,  -1.6006E-09
     19,  -3.0000E-02,  -3.4478E-09,  -7.3348E-10
     20,  -2.5000E-02,  -2.9086E-09,  -2.2460E-10
     21,  -2.0000E-02,  -2.3884E-09,   1.0115E-11
     22,  -1.5000E-02,  -1.9747E-09,   4.4875E-11
     23,  -1.0000E-02,  -1.6606E-09,   4.5156E-11
     24,  -5.0000E-03,  -1.3784E-09,   1.2825E-10
     25,   0.0000E+00,  -1.1335E-09,   1.6694E-10
     26,   5.0000E-03,  -9.4985E-10,   1.9258E-10
     27,   1.0000E-02,  -7.9970E-10,   2.7216E-10
     28,   1.5000E-02,  -6.4831E-10,   3.1642E-10
     29,   2.0000E-02,  -5.3173E-10,   2.7129E-10
     30,   2.5000E-02,  -4.1385E-10,   3.9275E-10

SERIES_26_3, "thinf", 18-Jul-2023, 12:04:39.864, 00:03:44.083,  ""
EPC10, V-Clamp,  1.3788E-11,  2.8042E+06,  8.8462E+01
Sweep #,     Ampl2[V],       Min[A],  peak - init
      1,  -1.2000E-01,  -1.3130E-09,  -1.3429E-09
      2,  -1.1000E-01,  -1.4672E-09,  -1.5235E-09
      3,  -1.0000E-01,  -1.6035E-09,  -1.5635E-09
      4,  -9.0000E-02,  -1.6681E-09,  -1.5128E-09
      5,  -8.0000E-02,  -2.0096E-09,  -1.4211E-09
      6,  -7.0000E-02,  -2.1516E-09,  -8.5929E-10
      7,  -6.0000E-02,  -1.9592E-09,  -5.6288E-11
      8,  -5.0000E-02,  -1.2060E-09,  -1.2222E-11
      9,  -4.0000E-02,  -1.9674E-10,  -1.7904E-11
     10,  -3.0000E-02,   9.4562E-11,  -3.9672E-11
     11,  -2.0000E-02,   1.1429E-10,  -4.1888E-11
     12,  -1.0000E-02,   2.0426E-10,  -1.4418E-10
     13,   0.0000E+00,   1.5371E-10,  -2.2384E-10
     14,   1.0000E-02,   1.2990E-10,  -2.6936E-10
     15,   2.0000E-02,   4.5150E-11,  -4.3525E-10
     16,   3.0000E-02,   2.8238E-11,  -6.4195E-10

SERIES_27_2, "tivPPbefore", 18-Jul-2023, 12:30:51.664, 00:03:03.992,  ""
EPC10, V-Clamp,  1.9448E-11,  1.7959E+06,  8.8250E+01
Sweep #,     Ampl3[V],  peak - init,   end - init
      1,  -1.2000E-01,  -6.4885E-11,   2.9969E-11
      2,  -1.1500E-01,  -6.6313E-11,  -7.0835E-13
      3,  -1.1000E-01,  -8.0125E-11,  -2.2104E-11
      4,  -1.0500E-01,  -1.6350E-10,  -7.5667E-11
      5,  -1.0000E-01,  -2.6290E-10,  -1.9152E-10
      6,  -9.5000E-02,  -4.5384E-10,  -3.4884E-10
      7,  -9.0000E-02,  -7.5737E-10,  -7.0935E-10
      8,  -8.5000E-02,  -1.3160E-09,  -1.2444E-09
      9,  -8.0000E-02,  -2.1413E-09,  -2.0927E-09
     10,  -7.5000E-02,  -3.2410E-09,  -3.0128E-09
     11,  -7.0000E-02,  -4.4028E-09,  -4.0750E-09
     12,  -6.5000E-02,  -5.5302E-09,  -4.9005E-09
     13,  -6.0000E-02,  -6.4308E-09,  -5.4065E-09
     14,  -5.5000E-02,  -6.7093E-09,  -5.0699E-09
     15,  -5.0000E-02,  -6.5028E-09,  -3.7970E-09
     16,  -4.5000E-02,  -5.8005E-09,  -2.2622E-09
     17,  -4.0000E-02,  -4.8562E-09,  -8.9378E-10
     18,  -3.5000E-02,  -3.9223E-09,  -7.7521E-11
     19,  -3.0000E-02,  -3.0786E-09,   3.2548E-10
     20,  -2.5000E-02,  -2.4595E-09,   4.3272E-10
     21,  -2.0000E-02,  -1.9074E-09,   4.3648E-10
     22,  -1.5000E-02,  -1.5084E-09,   4.4502E-10
     23,  -1.0000E-02,  -1.1763E-09,   4.9298E-10
     24,  -5.0000E-03,  -8.8669E-10,   5.4494E-10
     25,   0.0000E+00,  -6.7208E-10,   5.9521E-10
     26,   5.0000E-03,  -4.7394E-10,   7.0190E-10
     27,   1.0000E-02,  -3.1184E-10,   6.7893E-10
     28,   1.5000E-02,  -1.7818E-10,   7.1395E-10
     29,   2.0000E-02,  -2.9927E-11,   7.4670E-10
     30,   2.5000E-02,  -5.7500E-12,   8.6525E-10

SERIES_27_3, "thinf", 18-Jul-2023, 12:31:31.239, 00:03:43.567,  ""
EPC10, V-Clamp,  1.9240E-11,  1.7926E+06,  8.8413E+01
Sweep #,     Ampl2[V],       Min[A],  peak - init
      1,  -1.2000E-01,  -1.5917E-09,  -1.6261E-09
      2,  -1.1000E-01,  -1.7049E-09,  -1.7289E-09
      3,  -1.0000E-01,  -2.0064E-09,  -1.8858E-09
      4,  -9.0000E-02,  -2.0934E-09,  -1.6615E-09
      5,  -8.0000E-02,  -2.2413E-09,  -1.1336E-09
      6,  -7.0000E-02,  -2.1012E-09,  -2.2629E-10
      7,  -6.0000E-02,  -1.4611E-09,  -9.5391E-12
      8,  -5.0000E-02,  -1.7940E-10,   5.3535E-12
      9,  -4.0000E-02,   2.9538E-10,  -1.7879E-11
     10,  -3.0000E-02,   3.1501E-10,  -4.2090E-11
     11,  -2.0000E-02,   3.8440E-10,  -9.8333E-11
     12,  -1.0000E-02,   4.4859E-10,  -1.4217E-10
     13,   0.0000E+00,   5.4364E-10,  -2.6075E-10
     14,   1.0000E-02,   5.1288E-10,  -4.0943E-10
     15,   2.0000E-02,   5.5498E-10,  -5.5032E-10
     16,   3.0000E-02,   6.3760E-10,  -7.9888E-10

SERIES_29_2, "tivPPbefore", 18-Jul-2023, 12:59:34.462, 00:03:04.025,  ""
EPC10, V-Clamp,  1.5148E-11,  2.1119E+06,  8.7009E+01
Sweep #,     Ampl3[V],  peak - init,   end - init
      1,  -1.2000E-01,  -4.2760E-11,   2.1323E-11
      2,  -1.1500E-01,  -5.3875E-11,  -2.8542E-12
      3,  -1.1000E-01,  -7.9031E-11,  -2.7802E-11
      4,  -1.0500E-01,  -1.6349E-10,  -1.1195E-10
      5,  -1.0000E-01,  -2.1655E-10,  -1.8332E-10
      6,  -9.5000E-02,  -3.1147E-10,  -2.8224E-10
      7,  -9.0000E-02,  -5.1563E-10,  -4.6121E-10
      8,  -8.5000E-02,  -8.7110E-10,  -7.9527E-10
      9,  -8.0000E-02,  -1.3044E-09,  -1.2247E-09
     10,  -7.5000E-02,  -1.8983E-09,  -1.7675E-09
     11,  -7.0000E-02,  -2.8204E-09,  -2.6936E-09
     12,  -6.5000E-02,  -3.9016E-09,  -3.6498E-09
     13,  -6.0000E-02,  -4.8889E-09,  -4.4774E-09
     14,  -5.5000E-02,  -5.7212E-09,  -4.8519E-09
     15,  -5.0000E-02,  -6.0146E-09,  -4.3396E-09
     16,  -4.5000E-02,  -5.8767E-09,  -3.0690E-09
     17,  -4.0000E-02,  -5.2947E-09,  -1.6781E-09
     18,  -3.5000E-02,  -4.4428E-09,  -6.3355E-10
     19,  -3.0000E-02,  -3.7053E-09,  -1.2309E-10
     20,  -2.5000E-02,  -2.9672E-09,   7.4594E-11
     21,  -2.0000E-02,  -2.4155E-09,   1.0925E-10
     22,  -1.5000E-02,  -2.0047E-09,   1.5694E-10
     23,  -1.0000E-02,  -1.6468E-09,   1.8957E-10
     24,  -5.0000E-03,  -1.3039E-09,   1.8498E-10
     25,   0.0000E+00,  -1.0945E-09,   1.8234E-10
     26,   5.0000E-03,  -9.1419E-10,   2.3408E-10
     27,   1.0000E-02,  -6.7879E-10,   3.0550E-10
     28,   1.5000E-02,  -5.2365E-10,   2.8958E-10
     29,   2.0000E-02,  -3.6514E-10,   3.4357E-10
     30,   2.5000E-02,  -2.2400E-10,   4.3254E-10

SERIES_29_3, "thinf", 18-Jul-2023, 13:00:22.552, 00:03:52.115,  ""
EPC10, V-Clamp,  1.4834E-11,  2.1659E+06,  8.6963E+01
Sweep #,     Ampl2[V],       Min[A],  peak - init
      1,  -1.2000E-01,  -1.5584E-09,  -1.5896E-09
      2,  -1.1000E-01,  -1.6817E-09,  -1.6875E-09
      3,  -1.0000E-01,  -1.7314E-09,  -1.6558E-09
      4,  -9.0000E-02,  -1.8587E-09,  -1.6022E-09
      5,  -8.0000E-02,  -2.1341E-09,  -1.3142E-09
      6,  -7.0000E-02,  -2.2042E-09,  -4.2556E-10
      7,  -6.0000E-02,  -1.7464E-09,  -5.0757E-12
      8,  -5.0000E-02,  -3.5936E-10,   7.5884E-12
      9,  -4.0000E-02,   9.0825E-11,  -1.9893E-11
     10,  -3.0000E-02,   1.6480E-10,  -1.3984E-11
     11,  -2.0000E-02,   1.9265E-10,  -5.0095E-11
     12,  -1.0000E-02,   2.7875E-10,  -1.0366E-10
     13,   0.0000E+00,   2.1091E-10,  -1.6758E-10
     14,   1.0000E-02,   2.3015E-10,  -2.3496E-10
     15,   2.0000E-02,   3.0889E-10,  -3.2966E-10
     16,   3.0000E-02,   2.9023E-10,  -5.6552E-10

SERIES_30_2, "tivPPbefore", 18-Jul-2023, 13:12:16.228, 00:03:00.337,  ""
EPC10, V-Clamp,  1.6648E-11,  1.9406E+06,  8.7586E+01
Sweep #,     Ampl3[V],  peak - init,   end - init
      1,  -1.2000E-01,  -6.4021E-11,  -9.2500E-12
      2,  -1.1500E-01,  -5.0698E-11,   4.0760E-11
      3,  -1.1000E-01,  -8.2135E-11,   7.7396E-12
      4,  -1.0500E-01,  -6.7708E-11,   1.9896E-11
      5,  -1.0000E-01,  -1.5882E-10,  -7.0427E-11
      6,  -9.5000E-02,  -2.1390E-10,  -1.8052E-10
      7,  -9.0000E-02,  -2.3909E-10,  -1.5195E-10
      8,  -8.5000E-02,  -5.2565E-10,  -3.1010E-10
      9,  -8.0000E-02,  -7.5916E-10,  -4.2982E-10
     10,  -7.5000E-02,  -1.0107E-09,  -6.9549E-10
     11,  -7.0000E-02,  -1.2944E-09,  -9.6797E-10
     12,  -6.5000E-02,  -1.7748E-09,  -1.3937E-09
     13,  -6.0000E-02,  -2.1709E-09,  -1.8009E-09
     14,  -5.5000E-02,  -2.6052E-09,  -2.1154E-09
     15,  -5.0000E-02,  -2.8789E-09,  -2.2161E-09
     16,  -4.5000E-02,  -2.9836E-09,  -1.9029E-09
     17,  -4.0000E-02,  -2.9941E-09,  -1.4748E-09
     18,  -3.5000E-02,  -2.7557E-09,  -8.8866E-10
     19,  -3.0000E-02,  -2.5326E-09,  -4.2042E-10
     20,  -2.5000E-02,  -2.2128E-09,  -1.7406E-10
     21,  -2.0000E-02,  -1.9757E-09,  -7.0333E-11
     22,  -1.5000E-02,  -1.7039E-09,  -1.9573E-11
     23,  -1.0000E-02,  -1.4913E-09,   1.3918E-10
     24,  -5.0000E-03,  -1.3274E-09,   1.0559E-10
     25,   0.0000E+00,  -1.1179E-09,   6.8104E-11
     26,   5.0000E-03,  -9.7182E-10,   1.6482E-10
     27,   1.0000E-02,  -8.5346E-10,   1.7192E-10
     28,   1.5000E-02,  -7.4784E-10,   2.0770E-10
     29,   2.0000E-02,  -5.9898E-10,   2.7317E-10
     30,   2.5000E-02,  -4.9248E-10,   2.9373E-10

SERIES_30_3, "thinf", 18-Jul-2023, 13:12:57.191, 00:03:41.300,  ""
EPC10, V-Clamp,  1.6700E-11,  1.9046E+06,  8.8036E+01
Sweep #,     Ampl2[V],       Min[A],  peak - init
      1,  -1.2000E-01,  -1.1910E-09,  -1.2269E-09
      2,  -1.1000E-01,  -1.3014E-09,  -1.2813E-09
      3,  -1.0000E-01,  -1.4006E-09,  -1.3669E-09
      4,  -9.0000E-02,  -1.5466E-09,  -1.4614E-09
      5,  -8.0000E-02,  -1.6395E-09,  -1.3750E-09
      6,  -7.0000E-02,  -1.6664E-09,  -9.2406E-10
      7,  -6.0000E-02,  -1.3343E-09,  -3.4602E-10
      8,  -5.0000E-02,  -6.1171E-10,  -9.8611E-12
      9,  -4.0000E-02,  -7.5938E-11,  -1.9129E-12
     10,  -3.0000E-02,   6.1925E-11,  -1.9646E-11
     11,  -2.0000E-02,   8.8750E-11,  -4.7999E-11
     12,  -1.0000E-02,   9.2813E-11,  -7.0676E-11
     13,   0.0000E+00,   8.5950E-11,  -9.8990E-11
     14,   1.0000E-02,   1.6144E-10,  -1.7247E-10
     15,   2.0000E-02,   1.7116E-10,  -2.6581E-10
     16,   3.0000E-02,   1.7839E-10,  -4.4007E-10

SERIES_31_2, "tivPPbefore", 18-Jul-2023, 13:24:51.775, 00:03:00.541,  ""
EPC10, V-Clamp,  1.1937E-11,  2.5346E+06,  8.7000E+01
Sweep #,     Ampl3[V],  peak - init,   end - init
      1,  -1.2000E-01,  -1.1582E-10,  -3.9010E-11
      2,  -1.1500E-01,  -9.4740E-11,  -2.0240E-11
      3,  -1.1000E-01,  -8.4229E-11,   4.5000E-12
      4,  -1.0500E-01,  -7.5083E-11,   4.9792E-12
      5,  -1.0000E-01,  -9.8948E-11,  -4.7281E-11
      6,  -9.5000E-02,  -1.3515E-10,  -8.2583E-11
      7,  -9.0000E-02,  -2.0151E-10,  -1.1934E-10
      8,  -8.5000E-02,  -2.5761E-10,  -1.9816E-10
      9,  -8.0000E-02,  -3.9184E-10,  -2.9482E-10
     10,  -7.5000E-02,  -5.5674E-10,  -4.4118E-10
     11,  -7.0000E-02,  -8.6668E-10,  -7.1307E-10
     12,  -6.5000E-02,  -1.1569E-09,  -1.0043E-09
     13,  -6.0000E-02,  -1.4710E-09,  -1.2310E-09
     14,  -5.5000E-02,  -1.7665E-09,  -1.4055E-09
     15,  -5.0000E-02,  -1.8739E-09,  -1.3358E-09
     16,  -4.5000E-02,  -1.9042E-09,  -1.1352E-09
     17,  -4.0000E-02,  -1.8220E-09,  -7.2732E-10
     18,  -3.5000E-02,  -1.6641E-09,  -3.0779E-10
     19,  -3.0000E-02,  -1.4809E-09,  -2.2219E-11
     20,  -2.5000E-02,  -1.2713E-09,   2.0844E-10
     21,  -2.0000E-02,  -1.0536E-09,   2.3732E-10
     22,  -1.5000E-02,  -8.5060E-10,   2.6342E-10
     23,  -1.0000E-02,  -7.5169E-10,   2.9679E-10
     24,  -5.0000E-03,  -6.1792E-10,   3.8298E-10
     25,   0.0000E+00,  -5.5666E-10,   3.4266E-10
     26,   5.0000E-03,  -4.0247E-10,   4.8839E-10
     27,   1.0000E-02,  -3.2960E-10,   5.0115E-10
     28,   1.5000E-02,  -2.9691E-10,   5.8751E-10
     29,   2.0000E-02,  -1.6066E-10,   6.1491E-10
     30,   2.5000E-02,  -1.1410E-10,   7.4317E-10

SERIES_31_3, "thinf", 18-Jul-2023, 13:25:55.317, 00:04:04.083,  ""
EPC10, V-Clamp,  1.0952E-11,  2.1865E+06,  8.5092E+01
Sweep #,     Ampl2[V],       Min[A],  peak - init
      1,  -1.2000E-01,  -7.5998E-10,  -7.6944E-10
      2,  -1.1000E-01,  -7.4224E-10,  -7.0613E-10
      3,  -1.0000E-01,  -7.4505E-10,  -7.5240E-10
      4,  -9.0000E-02,  -7.0546E-10,  -6.4258E-10
      5,  -8.0000E-02,  -7.7616E-10,  -5.3067E-10
      6,  -7.0000E-02,  -6.8443E-10,  -1.7721E-10
      7,  -6.0000E-02,  -4.6005E-10,  -2.7689E-11
      8,  -5.0000E-02,   7.2412E-11,   1.5189E-11
      9,  -4.0000E-02,   3.0446E-10,  -1.7412E-11
     10,  -3.0000E-02,   4.2090E-10,  -3.5385E-11
     11,  -2.0000E-02,   4.6392E-10,  -1.3710E-10
     12,  -1.0000E-02,   5.2440E-10,  -2.7461E-10
     13,   0.0000E+00,   6.8166E-10,  -4.7187E-10
     14,   1.0000E-02,   6.2236E-10,  -7.0977E-10
     15,   2.0000E-02,   6.9285E-10,  -1.0396E-09
     16,   3.0000E-02,   7.4171E-10,  -1.4704E-09

SERIES_32_2, "tivPPbefore", 18-Jul-2023, 13:37:22.634, 00:03:05.775,  ""
EPC10, V-Clamp,  2.4499E-11,  3.0285E+06,  9.0255E+01
Sweep #,     Ampl3[V],  peak - init,   end - init
      1,  -1.2000E-01,  -1.0525E-10,  -1.5583E-11
      2,  -1.1500E-01,  -7.8573E-11,   9.2396E-12
      3,  -1.1000E-01,  -9.4844E-11,  -1.4927E-11
      4,  -1.0500E-01,  -1.7253E-10,  -6.0240E-11
      5,  -1.0000E-01,  -2.1578E-10,  -1.2686E-10
      6,  -9.5000E-02,  -3.0331E-10,  -2.4850E-10
      7,  -9.0000E-02,  -9.8389E-10,  -8.0057E-10
      8,  -8.5000E-02,  -1.8819E-09,  -1.7076E-09
      9,  -8.0000E-02,  -3.8089E-09,  -3.0128E-09
     10,  -7.5000E-02,  -4.8089E-09,  -4.1225E-09
     11,  -7.0000E-02,  -6.1076E-09,  -5.5889E-09
     12,  -6.5000E-02,  -8.0722E-09,  -7.4233E-09
     13,  -6.0000E-02,  -1.0047E-08,  -9.1413E-09
     14,  -5.5000E-02,  -1.1875E-08,  -1.0387E-08
     15,  -5.0000E-02,  -1.3266E-08,  -1.1191E-08
     16,  -4.5000E-02,  -1.3940E-08,  -1.0598E-08
     17,  -4.0000E-02,  -1.3731E-08,  -8.8457E-09
     18,  -3.5000E-02,  -1.3121E-08,  -5.9286E-09
     19,  -3.0000E-02,  -1.1750E-08,  -3.2032E-09
     20,  -2.5000E-02,  -1.0033E-08,  -1.1736E-09
     21,  -2.0000E-02,  -8.6159E-09,  -3.9175E-10
     22,  -1.5000E-02,  -7.3514E-09,  -1.2797E-10
     23,  -1.0000E-02,  -6.1225E-09,   3.9479E-11
     24,  -5.0000E-03,  -5.2361E-09,   7.4469E-11
     25,   0.0000E+00,  -4.4383E-09,   7.1833E-11
     26,   5.0000E-03,  -3.6962E-09,   1.5823E-10
     27,   1.0000E-02,  -3.0598E-09,   1.3530E-10
     28,   1.5000E-02,  -2.4607E-09,   2.3490E-10
     29,   2.0000E-02,  -1.8920E-09,   2.8388E-10
     30,   2.5000E-02,  -1.3866E-09,   2.7133E-10

SERIES_32_3, "thinf", 18-Jul-2023, 13:38:11.551, 00:03:54.692,  ""
EPC10, V-Clamp,  2.4277E-11,  3.0642E+06,  8.9953E+01
Sweep #,     Ampl2[V],       Min[A],  peak - init
      1,  -1.2000E-01,  -7.3663E-09,  -7.2994E-09
      2,  -1.1000E-01,  -7.4867E-09,  -7.4493E-09
      3,  -1.0000E-01,  -8.1161E-09,  -8.0324E-09
      4,  -9.0000E-02,  -8.4774E-09,  -7.7426E-09
      5,  -8.0000E-02,  -8.7411E-09,  -5.7418E-09
      6,  -7.0000E-02,  -8.4019E-09,  -2.8148E-09
      7,  -6.0000E-02,  -6.8693E-09,   3.6888E-11
      8,  -5.0000E-02,  -3.9284E-09,   4.6648E-11
      9,  -4.0000E-02,  -6.3951E-10,   3.2443E-11
     10,  -3.0000E-02,  -3.0350E-11,  -5.0253E-11
     11,  -2.0000E-02,  -2.5450E-11,  -7.2885E-11
     12,  -1.0000E-02,   9.8575E-11,  -1.4003E-10
     13,   0.0000E+00,   1.1029E-10,  -1.8600E-10
     14,   1.0000E-02,   3.0250E-11,  -3.7092E-10
     15,   2.0000E-02,   7.4600E-11,  -5.5010E-10
     16,   3.0000E-02,  -7.9375E-12,  -7.9471E-10

SERIES_34_2, "tivPPbefore", 18-Jul-2023, 14:44:00.668, 00:03:03.402,  ""
EPC10, V-Clamp,  1.9626E-11,  1.9700E+06,  8.8611E+01
Sweep #,     Ampl3[V],  peak - init,   end - init
      1,  -1.2000E-01,  -6.3125E-11,   5.5896E-11
      2,  -1.1500E-01,  -2.5031E-11,   3.8948E-11
      3,  -1.1000E-01,  -5.8646E-11,   4.1250E-12
      4,  -1.0500E-01,  -1.0079E-10,  -2.1458E-11
      5,  -1.0000E-01,  -1.5549E-10,  -7.0531E-11
      6,  -9.5000E-02,  -1.6865E-10,  -1.1610E-10
      7,  -9.0000E-02,  -2.5256E-10,  -1.6350E-10
      8,  -8.5000E-02,  -4.9669E-10,  -4.4304E-10
      9,  -8.0000E-02,  -8.4327E-10,  -8.1346E-10
     10,  -7.5000E-02,  -1.5016E-09,  -1.4074E-09
     11,  -7.0000E-02,  -2.4734E-09,  -2.3322E-09
     12,  -6.5000E-02,  -3.6351E-09,  -3.5016E-09
     13,  -6.0000E-02,  -5.0537E-09,  -4.7940E-09
     14,  -5.5000E-02,  -6.1894E-09,  -5.5629E-09
     15,  -5.0000E-02,  -6.6975E-09,  -5.3868E-09
     16,  -4.5000E-02,  -6.6469E-09,  -4.2110E-09
     17,  -4.0000E-02,  -5.8622E-09,  -2.5295E-09
     18,  -3.5000E-02,  -4.9125E-09,  -1.2039E-09
     19,  -3.0000E-02,  -3.8481E-09,  -3.0522E-10
     20,  -2.5000E-02,  -2.9283E-09,  -2.3385E-11
     21,  -2.0000E-02,  -2.2989E-09,   7.0510E-11
     22,  -1.5000E-02,  -1.7661E-09,   1.3388E-10
     23,  -1.0000E-02,  -1.4154E-09,   1.4769E-10
     24,  -5.0000E-03,  -1.0743E-09,   2.4689E-10
     25,   0.0000E+00,  -8.0050E-10,   2.6313E-10
     26,   5.0000E-03,  -6.4517E-10,   2.5379E-10
     27,   1.0000E-02,  -4.1189E-10,   3.5389E-10
     28,   1.5000E-02,  -2.5348E-10,   4.5623E-10
     29,   2.0000E-02,  -1.2714E-10,   4.8528E-10
     30,   2.5000E-02,  -2.7135E-11,   5.0620E-10

SERIES_34_3, "thinf", 18-Jul-2023, 14:44:40.926, 00:03:43.660,  ""
EPC10, V-Clamp,  1.9378E-11,  2.0904E+06,  8.9003E+01
Sweep #,     Ampl2[V],       Min[A],  peak - init
      1,  -1.2000E-01,  -1.2158E-09,  -1.2494E-09
      2,  -1.1000E-01,  -1.2624E-09,  -1.3042E-09
      3,  -1.0000E-01,  -1.3720E-09,  -1.3866E-09
      4,  -9.0000E-02,  -1.5861E-09,  -1.4717E-09
      5,  -8.0000E-02,  -1.8129E-09,  -1.2813E-09
      6,  -7.0000E-02,  -2.1154E-09,  -5.3688E-10
      7,  -6.0000E-02,  -1.8791E-09,   2.1301E-11
      8,  -5.0000E-02,  -5.1210E-10,  -2.1641E-11
      9,  -4.0000E-02,   1.6005E-10,  -2.9419E-12
     10,  -3.0000E-02,   2.3106E-10,  -2.6124E-11
     11,  -2.0000E-02,   2.4299E-10,  -8.1288E-11
     12,  -1.0000E-02,   2.2063E-10,  -1.5045E-10
     13,   0.0000E+00,   2.0664E-10,  -2.4454E-10
     14,   1.0000E-02,   2.6027E-10,  -3.5691E-10
     15,   2.0000E-02,   2.6436E-10,  -4.7164E-10
     16,   3.0000E-02,   2.5738E-10,  -7.1115E-10

SERIES_35_2, "tivPPbefore", 18-Jul-2023, 14:55:51.526, 00:03:00.370,  ""
EPC10, V-Clamp,  1.9309E-11,  2.8083E+06,  8.9971E+01
Sweep #,     Ampl3[V],  peak - init,   end - init
      1,  -1.2000E-01,  -8.6385E-11,   9.0625E-13
      2,  -1.1500E-01,  -4.6594E-11,   3.4677E-11
      3,  -1.1000E-01,  -1.1346E-10,  -4.2563E-11
      4,  -1.0500E-01,  -1.6673E-10,  -4.9375E-11
      5,  -1.0000E-01,  -2.0996E-10,  -1.1098E-10
      6,  -9.5000E-02,  -3.6133E-10,  -2.8179E-10
      7,  -9.0000E-02,  -5.8385E-10,  -4.9671E-10
      8,  -8.5000E-02,  -1.1528E-09,  -1.0285E-09
      9,  -8.0000E-02,  -2.0345E-09,  -1.8407E-09
     10,  -7.5000E-02,  -3.3162E-09,  -3.0486E-09
     11,  -7.0000E-02,  -4.9396E-09,  -4.7332E-09
     12,  -6.5000E-02,  -6.8319E-09,  -6.5335E-09
     13,  -6.0000E-02,  -8.6775E-09,  -8.0512E-09
     14,  -5.5000E-02,  -1.0165E-08,  -8.9257E-09
     15,  -5.0000E-02,  -1.0792E-08,  -8.3877E-09
     16,  -4.5000E-02,  -1.0694E-08,  -6.7874E-09
     17,  -4.0000E-02,  -9.7585E-09,  -4.1532E-09
     18,  -3.5000E-02,  -8.4361E-09,  -1.7592E-09
     19,  -3.0000E-02,  -7.0599E-09,  -3.9589E-10
     20,  -2.5000E-02,  -5.5988E-09,   1.6500E-11
     21,  -2.0000E-02,  -4.5207E-09,   2.1178E-10
     22,  -1.5000E-02,  -3.6273E-09,   2.1214E-10
     23,  -1.0000E-02,  -2.9619E-09,   3.0715E-10
     24,  -5.0000E-03,  -2.3636E-09,   3.6855E-10
     25,   0.0000E+00,  -1.8943E-09,   3.8496E-10
     26,   5.0000E-03,  -1.5337E-09,   4.1569E-10
     27,   1.0000E-02,  -1.1471E-09,   4.6881E-10
     28,   1.5000E-02,  -8.3034E-10,   4.7626E-10
     29,   2.0000E-02,  -4.4564E-10,   6.3866E-10
     30,   2.5000E-02,  -2.3904E-10,   6.8990E-10

SERIES_35_3, "thinf", 18-Jul-2023, 14:56:32.474, 00:03:41.318,  ""
EPC10, V-Clamp,  1.9103E-11,  2.7862E+06,  8.9859E+01
Sweep #,     Ampl2[V],       Min[A],  peak - init
      1,  -1.2000E-01,  -3.4389E-09,  -3.4767E-09
      2,  -1.1000E-01,  -3.6347E-09,  -3.6361E-09
      3,  -1.0000E-01,  -4.0468E-09,  -3.9418E-09
      4,  -9.0000E-02,  -4.3114E-09,  -3.9135E-09
      5,  -8.0000E-02,  -4.5938E-09,  -2.9290E-09
      6,  -7.0000E-02,  -4.6597E-09,  -9.5705E-10
      7,  -6.0000E-02,  -3.5732E-09,  -4.4884E-12
      8,  -5.0000E-02,  -9.6035E-10,  -5.0846E-11
      9,  -4.0000E-02,   5.3275E-11,  -4.9590E-11
     10,  -3.0000E-02,   2.5193E-10,  -2.5208E-11
     11,  -2.0000E-02,   2.2971E-10,  -8.6944E-11
     12,  -1.0000E-02,   2.4012E-10,  -1.8552E-10
     13,   0.0000E+00,   2.5751E-10,  -2.5543E-10
     14,   1.0000E-02,   3.5025E-10,  -4.0832E-10
     15,   2.0000E-02,   3.2266E-10,  -6.3658E-10
     16,   3.0000E-02,   2.3525E-10,  -9.1674E-10
