18-Nov-2021 11:28:46

Existing file opened read-write: 
  "C:\HEKA\Data\YLP-Data\20210922-DRG-sci-compound13.dat". 

SERIES_9_3, "CC", 22-Sep-2021, 13:45:44.552, 00:02:01.725,  ""
EPC10, C-Clamp,  3.2761E-11
Sweep #,     Ampl2[A],     AP count,     Vrest[V]
      1,   0.0000E+00,   0.0000E+00,  -4.9790E-02
      2,   0.0000E+00,   0.0000E+00,  -4.8678E-02
      3,   0.0000E+00,   0.0000E+00,  -4.9650E-02

SERIES_9_4, "CC2", 22-Sep-2021, 13:46:23.496, 00:02:40.669,  ""
EPC10, C-Clamp,  3.2761E-11
Sweep #,     Ampl2[A],     AP count,     Vrest[V]
      1,   0.0000E+00,   0.0000E+00,  -4.9398E-02
      2,   1.0000E-11,   0.0000E+00,  -4.8621E-02
      3,   2.0000E-11,   0.0000E+00,  -4.8573E-02
      4,   3.0000E-11,   0.0000E+00,  -4.9184E-02
      5,   4.0000E-11,   0.0000E+00,  -4.9594E-02
      6,   5.0000E-11,   0.0000E+00,  -4.8203E-02
      7,   6.0000E-11,   0.0000E+00,  -4.8326E-02
      8,   7.0000E-11,   0.0000E+00,  -4.8444E-02
      9,   8.0000E-11,   0.0000E+00,  -4.8627E-02
     10,   9.0000E-11,   0.0000E+00,  -4.7798E-02
     11,   1.0000E-10,   0.0000E+00,  -4.9116E-02

SERIES_9_5, "CC3", 22-Sep-2021, 13:47:04.933, 00:03:22.106,  ""
EPC10, C-Clamp,  3.2761E-11
Sweep #,     Ampl2[A],     AP count,     Vrest[V]
      1,   0.0000E+00,   0.0000E+00,  -4.8454E-02
      2,   1.0000E-10,   0.0000E+00,  -4.7683E-02
      3,   2.0000E-10,   0.0000E+00,  -4.8303E-02
      4,   3.0000E-10,   0.0000E+00,  -4.9052E-02
      5,   4.0000E-10,   2.0000E+00,  -4.8727E-02
      6,   5.0000E-10,   5.9500E+01,  -4.8625E-02
      7,   6.0000E-10,   1.5000E+00,  -4.8696E-02
      8,   7.0000E-10,   6.5000E+00,  -4.9312E-02
      9,   8.0000E-10,   5.0000E-01,  -4.9733E-02
     10,   9.0000E-10,   5.0000E-01,  -4.8584E-02
     11,   1.0000E-09,   5.0000E-01,  -4.9071E-02

SERIES_9_6, "sAP 1ms", 22-Sep-2021, 13:47:47.366, 00:04:04.539,  ""
EPC10, C-Clamp,  3.2761E-11
Sweep #,     Ampl2[A],     AP count,     Vrest[V]
      1,   0.0000E+00,   0.0000E+00,  -4.7548E-02
      2,   1.0000E-10,   0.0000E+00,  -4.9173E-02
      3,   2.0000E-10,   0.0000E+00,  -4.7197E-02
      4,   3.0000E-10,   0.0000E+00,  -3.2518E-02
      5,   4.0000E-10,   0.0000E+00,  -3.0835E-02
      6,   5.0000E-10,   0.0000E+00,  -2.6467E-02
      7,   6.0000E-10,   0.0000E+00,  -2.6148E-02
      8,   7.0000E-10,   0.0000E+00,  -2.8870E-02
      9,   8.0000E-10,   0.0000E+00,  -2.5596E-02
     10,   9.0000E-10,   0.0000E+00,  -2.4638E-02

SERIES_9_7, "input2", 22-Sep-2021, 13:48:15.066, 00:04:32.239,  ""
EPC10, C-Clamp,  3.2761E-11
Sweep #,     Ampl2[A],      input R
      1,   0.0000E+00,          INF
      2,  -5.0000E-11,   9.4438E+08
      3,  -1.0000E-10,   7.2563E+08

SERIES_9_8, "sAP 1ms", 22-Sep-2021, 13:48:30.053, 00:04:47.226,  ""
EPC10, C-Clamp,  3.2761E-11
Sweep #,     Ampl2[A],     AP count,     Vrest[V]
      1,   0.0000E+00,   0.0000E+00,  -4.9174E-02
      2,   1.0000E-10,   0.0000E+00,  -4.7981E-02
      3,   2.0000E-10,   0.0000E+00,  -4.7397E-02
      4,   3.0000E-10,   0.0000E+00,  -4.7881E-02
      5,   4.0000E-10,   0.0000E+00,  -4.8961E-02
      6,   5.0000E-10,   0.0000E+00,  -4.8705E-02
      7,   6.0000E-10,   0.0000E+00,  -4.7890E-02
      8,   7.0000E-10,   0.0000E+00,  -4.9166E-02
      9,   8.0000E-10,   0.0000E+00,  -4.6992E-02
     10,   9.0000E-10,   0.0000E+00,  -4.8146E-02
     11,   1.0000E-09,   0.0000E+00,  -4.9277E-02
     12,   1.1000E-09,   0.0000E+00,  -4.6461E-02
     13,   1.2000E-09,   0.0000E+00,  -4.9170E-02
     14,   1.3000E-09,   0.0000E+00,  -4.8134E-02
     15,   1.4000E-09,   0.0000E+00,  -4.8056E-02
     16,   1.5000E-09,   0.0000E+00,  -4.9563E-02
     17,   1.6000E-09,   0.0000E+00,  -4.6740E-02
     18,   1.7000E-09,   0.0000E+00,  -4.7512E-02
     19,   1.8000E-09,   0.0000E+00,  -4.7167E-02
     20,   1.9000E-09,   0.0000E+00,  -4.8015E-02
     21,   2.0000E-09,   0.0000E+00,  -4.7321E-02
     22,   2.1000E-09,   0.0000E+00,  -4.7826E-02
     23,   2.2000E-09,   1.0000E+00,  -4.9791E-02
     24,   2.3000E-09,   1.0000E+00,  -4.7923E-02
     25,   2.4000E-09,   1.0000E+00,  -4.8322E-02
     26,   2.5000E-09,   1.0000E+00,  -4.9394E-02
     27,   2.6000E-09,   1.0000E+00,  -4.8529E-02
     28,   2.7000E-09,   1.0000E+00,  -4.6446E-02
     29,   2.8000E-09,   1.0000E+00,  -4.7392E-02
     30,   2.9000E-09,   1.0000E+00,  -4.7200E-02

SERIES_9_9, "tivPPbefore", 22-Sep-2021, 13:50:06.946, 00:06:24.119,  ""
EPC10, V-Clamp,  3.6048E-11
Sweep #,     Ampl3[V],  peak - init,       Max[A]
      1,  -1.0000E-01,  -4.3608E-10,   6.9697E-11
      2,  -9.5000E-02,  -3.3611E-10,   6.0286E-11
      3,  -9.0000E-02,  -2.3183E-10,   3.4194E-11
      4,  -8.5000E-02,  -1.1349E-10,   2.4495E-11
      5,  -8.0000E-02,  -7.6042E-13,   2.0296E-11
      6,  -7.5000E-02,  -2.1271E-11,   1.1441E-10
      7,  -7.0000E-02,  -4.3490E-11,   2.2523E-10
      8,  -6.5000E-02,  -6.1417E-11,   3.3338E-10

SERIES_9_10, "tivPPbefore", 22-Sep-2021, 13:50:19.398, 00:06:36.571,  ""
EPC10, V-Clamp,  3.6048E-11
Sweep #,     Ampl3[V],  peak - init,       Max[A]
      1,  -1.0000E-01,  -9.1439E-10,   3.9135E-10
      2,  -9.5000E-02,  -6.7339E-10,   3.1668E-10
      3,  -9.0000E-02,  -4.5569E-10,   2.2371E-10
      4,  -8.5000E-02,  -2.2647E-10,   1.0069E-10
      5,  -8.0000E-02,   2.9792E-12,   3.2228E-11
      6,  -7.5000E-02,  -1.0609E-10,   2.1988E-10
      7,  -7.0000E-02,  -2.0753E-10,   4.6921E-10
      8,  -6.5000E-02,  -3.4516E-10,   7.0819E-10
      9,  -6.0000E-02,  -4.8090E-10,   9.1152E-10
     10,  -5.5000E-02,  -5.8255E-10,   1.1504E-09
     11,  -5.0000E-02,  -6.8150E-10,   1.4093E-09
     12,  -4.5000E-02,  -6.2167E-10,   2.2462E-09
     13,  -4.0000E-02,  -7.2392E-10,   2.7808E-09
     14,  -3.5000E-02,  -1.0087E-09,   3.0350E-09
     15,  -3.0000E-02,  -1.1813E-09,   2.9817E-09
     16,  -2.5000E-02,  -1.2955E-09,   3.5223E-09
     17,  -2.0000E-02,  -1.4857E-09,   4.0244E-09
     18,  -1.5000E-02,  -1.6855E-09,   4.6513E-09
     19,  -1.0000E-02,  -1.6761E-09,   6.0401E-09
     20,  -5.0000E-03,  -1.5899E-09,   8.3057E-09
     21,   0.0000E+00,  -1.9923E-09,   8.6568E-09
     22,   5.0000E-03,  -2.3301E-09,   8.9699E-09
     23,   1.0000E-02,  -2.7400E-09,   9.3327E-09
     24,   1.5000E-02,  -3.4039E-09,   9.8166E-09
     25,   2.0000E-02,  -3.6753E-09,   1.0547E-08
     26,   2.5000E-02,  -4.0735E-09,   1.1597E-08

SERIES_11_2, "CC", 22-Sep-2021, 18:45:13.302, 00:02:44.100,  ""
EPC10, C-Clamp,  3.0362E-11
Sweep #,     Ampl2[A],     AP count,     Vrest[V]
      1,   0.0000E+00,   0.0000E+00,  -3.8022E-02
      2,   0.0000E+00,   0.0000E+00,  -4.2790E-02
      3,   0.0000E+00,   0.0000E+00,  -4.8719E-02

SERIES_11_3, "CC2", 22-Sep-2021, 18:45:52.308, 00:03:23.106,  ""
EPC10, C-Clamp,  3.0362E-11
Sweep #,     Ampl2[A],     AP count,     Vrest[V]
      1,   0.0000E+00,   0.0000E+00,  -4.8407E-02
      2,   1.0000E-11,   0.0000E+00,  -4.8753E-02
      3,   2.0000E-11,   0.0000E+00,  -4.8344E-02
      4,   3.0000E-11,   0.0000E+00,  -4.9100E-02
      5,   4.0000E-11,   0.0000E+00,  -5.0968E-02
      6,   5.0000E-11,   0.0000E+00,  -5.0489E-02
      7,   6.0000E-11,   0.0000E+00,  -5.1193E-02
      8,   7.0000E-11,   0.0000E+00,  -5.1175E-02
      9,   8.0000E-11,   1.0000E+00,  -5.0574E-02
     10,   9.0000E-11,   1.0000E+00,  -5.1279E-02
     11,   1.0000E-10,   1.0000E+00,  -5.0909E-02

SERIES_11_4, "CC3", 22-Sep-2021, 18:46:33.746, 00:04:04.544,  ""
EPC10, C-Clamp,  3.0362E-11
Sweep #,     Ampl2[A],     AP count,     Vrest[V]
      1,   0.0000E+00,   0.0000E+00,  -4.8141E-02
      2,   1.0000E-10,   1.0000E+00,  -4.9264E-02
      3,   2.0000E-10,   1.0000E+00,  -5.1106E-02
      4,   3.0000E-10,   1.0000E+00,  -5.1381E-02
      5,   4.0000E-10,   1.0000E+00,  -5.2585E-02
      6,   5.0000E-10,   4.0000E+00,  -5.2548E-02
      7,   6.0000E-10,   6.0000E+00,  -5.2751E-02
      8,   7.0000E-10,   9.0000E+00,  -5.2562E-02
      9,   8.0000E-10,   3.0000E+00,  -5.2261E-02
     10,   9.0000E-10,   1.0000E+00,  -5.1837E-02
     11,   1.0000E-09,   1.0000E+00,  -5.2123E-02

SERIES_11_5, "sAP 1ms", 22-Sep-2021, 18:47:16.177, 00:04:46.975,  ""
EPC10, C-Clamp,  3.0362E-11
Sweep #,     Ampl2[A],     AP count,     Vrest[V]
      1,   0.0000E+00,   0.0000E+00,  -5.0096E-02
      2,   1.0000E-10,   0.0000E+00,  -5.0422E-02
      3,   2.0000E-10,   0.0000E+00,  -4.9304E-02
      4,   3.0000E-10,   0.0000E+00,  -4.8754E-02
      5,   4.0000E-10,   0.0000E+00,  -4.8372E-02
      6,   5.0000E-10,   0.0000E+00,  -4.7252E-02
      7,   6.0000E-10,   0.0000E+00,  -4.9300E-02
      8,   7.0000E-10,   0.0000E+00,  -4.8607E-02
      9,   8.0000E-10,   0.0000E+00,  -4.7659E-02
     10,   9.0000E-10,   0.0000E+00,  -4.6352E-02
     11,   1.0000E-09,   0.0000E+00,  -4.6992E-02
     12,   1.1000E-09,   1.0000E+00,  -4.8342E-02
     13,   1.2000E-09,   1.0000E+00,  -4.8336E-02
     14,   1.3000E-09,   1.0000E+00,  -4.9027E-02
     15,   1.4000E-09,   1.0000E+00,  -4.8489E-02
     16,   1.5000E-09,   1.0000E+00,  -4.8548E-02
     17,   1.6000E-09,   1.0000E+00,  -4.6921E-02
     18,   1.7000E-09,   1.0000E+00,  -4.5988E-02
     19,   1.8000E-09,   1.0000E+00,  -4.9532E-02
     20,   1.9000E-09,   1.0000E+00,  -4.8569E-02
     21,   2.0000E-09,   1.0000E+00,  -4.9815E-02
     22,   2.1000E-09,   1.0000E+00,  -4.9396E-02
     23,   2.2000E-09,   1.0000E+00,  -4.9788E-02
     24,   2.3000E-09,   1.0000E+00,  -4.9905E-02
     25,   2.4000E-09,   1.0000E+00,  -5.0299E-02
     26,   2.5000E-09,   1.0000E+00,  -5.0879E-02
     27,   2.6000E-09,   1.0000E+00,  -4.9833E-02
     28,   2.7000E-09,   1.0000E+00,  -4.9587E-02
     29,   2.8000E-09,   1.0000E+00,  -5.0135E-02
     30,   2.9000E-09,   1.0000E+00,  -4.9545E-02

SERIES_11_6, "input2", 22-Sep-2021, 18:48:30.933, 00:06:01.731,  ""
EPC10, C-Clamp,  3.0362E-11
Sweep #,     Ampl2[A],      input R
      1,   0.0000E+00,          INF
      2,  -5.0000E-11,   1.6175E+09
      3,  -1.0000E-10,   1.3906E+09

SERIES_11_7, "tivPPbefore", 22-Sep-2021, 18:49:30.559, 00:07:01.357,  ""
EPC10, V-Clamp,  2.8439E-11
Sweep #,     Ampl3[V],  peak - init,       Max[A]
      1,  -1.0000E-01,  -1.6263E-10,   3.7511E-10
      2,  -9.5000E-02,  -1.1022E-10,   2.7889E-10
      3,  -9.0000E-02,  -8.2051E-11,   1.8279E-10
      4,  -8.5000E-02,  -4.8673E-11,   8.9482E-11
      5,  -8.0000E-02,  -2.9225E-11,   2.5743E-11
      6,  -7.5000E-02,  -8.0503E-11,   6.2023E-11
      7,  -7.0000E-02,  -1.9456E-10,   9.5802E-11
      8,  -6.5000E-02,  -2.8758E-10,   1.5680E-10
      9,  -6.0000E-02,  -4.6326E-10,   1.9141E-10
     10,  -5.5000E-02,  -5.5011E-10,   2.7219E-10
     11,  -5.0000E-02,  -6.5282E-10,   3.7436E-10
     12,  -4.5000E-02,  -7.5711E-10,   4.4106E-10
     13,  -4.0000E-02,  -7.9348E-10,   6.0019E-10
     14,  -3.5000E-02,  -8.8187E-10,   7.9406E-10
     15,  -3.0000E-02,  -9.7006E-10,   1.2666E-09
     16,  -2.5000E-02,  -9.6057E-10,   1.7797E-09
     17,  -2.0000E-02,  -1.1808E-09,   2.3172E-09
     18,  -1.5000E-02,  -8.9702E-09,   3.1200E-09
     19,  -1.0000E-02,  -9.9540E-09,   3.7363E-09
     20,  -5.0000E-03,  -9.7622E-09,   4.3258E-09
     21,   0.0000E+00,  -9.2289E-09,   4.9714E-09
     22,   5.0000E-03,  -8.5881E-09,   5.6020E-09
     23,   1.0000E-02,  -7.8327E-09,   6.3404E-09
     24,   1.5000E-02,  -6.9579E-09,   7.0885E-09
     25,   2.0000E-02,  -5.8921E-09,   7.9663E-09
     26,   2.5000E-02,  -4.9768E-09,   8.7076E-09

SERIES_12_2, "CC", 22-Sep-2021, 19:00:02.941, 00:02:07.223,  ""
EPC10, C-Clamp,  6.7788E-11
Sweep #,     Ampl2[A],     AP count,     Vrest[V]
      1,   0.0000E+00,   0.0000E+00,  -5.1498E-02
      2,   0.0000E+00,   0.0000E+00,  -5.1345E-02
      3,   0.0000E+00,   0.0000E+00,  -5.1386E-02

SERIES_12_3, "CC2", 22-Sep-2021, 19:00:41.933, 00:02:46.215,  ""
EPC10, C-Clamp,  6.7788E-11
Sweep #,     Ampl2[A],     AP count,     Vrest[V]
      1,   0.0000E+00,   0.0000E+00,  -5.1744E-02
      2,   1.0000E-11,   0.0000E+00,  -5.1606E-02
      3,   2.0000E-11,   0.0000E+00,  -5.1636E-02
      4,   3.0000E-11,   0.0000E+00,  -5.1604E-02
      5,   4.0000E-11,   0.0000E+00,  -5.1495E-02
      6,   5.0000E-11,   0.0000E+00,  -5.1699E-02
      7,   6.0000E-11,   0.0000E+00,  -5.1659E-02
      8,   7.0000E-11,   0.0000E+00,  -5.1648E-02
      9,   8.0000E-11,   0.0000E+00,  -5.1683E-02
     10,   9.0000E-11,   0.0000E+00,  -5.1734E-02
     11,   1.0000E-10,   0.0000E+00,  -5.1680E-02

SERIES_12_4, "CC3", 22-Sep-2021, 19:01:23.371, 00:03:27.653,  ""
EPC10, C-Clamp,  6.7788E-11
Sweep #,     Ampl2[A],     AP count,     Vrest[V]
      1,   0.0000E+00,   0.0000E+00,  -5.1920E-02
      2,   1.0000E-10,   0.0000E+00,  -5.1861E-02
      3,   2.0000E-10,   2.0000E+00,  -5.1988E-02
      4,   3.0000E-10,   3.0000E+00,  -5.2511E-02
      5,   4.0000E-10,   6.0000E+00,  -5.3019E-02
      6,   5.0000E-10,   7.0000E+00,  -5.3354E-02
      7,   6.0000E-10,   1.0000E+01,  -5.3843E-02
      8,   7.0000E-10,   1.1000E+01,  -5.4186E-02
      9,   8.0000E-10,   9.0000E+00,  -5.4697E-02
     10,   9.0000E-10,   4.0000E+00,  -5.5377E-02
     11,   1.0000E-09,   1.0000E+00,  -5.5648E-02

SERIES_12_5, "sAP 1ms", 22-Sep-2021, 19:02:05.802, 00:04:10.085,  ""
EPC10, C-Clamp,  6.7788E-11
Sweep #,     Ampl2[A],     AP count,     Vrest[V]
      1,   0.0000E+00,   0.0000E+00,  -5.5111E-02
      2,   1.0000E-10,   0.0000E+00,  -5.5390E-02
      3,   2.0000E-10,   0.0000E+00,  -5.5393E-02
      4,   3.0000E-10,   0.0000E+00,  -5.5468E-02
      5,   4.0000E-10,   0.0000E+00,  -5.5749E-02
      6,   5.0000E-10,   0.0000E+00,  -5.5957E-02
      7,   6.0000E-10,   0.0000E+00,  -5.6199E-02
      8,   7.0000E-10,   0.0000E+00,  -5.6497E-02
      9,   8.0000E-10,   0.0000E+00,  -5.6324E-02
     10,   9.0000E-10,   0.0000E+00,  -5.6539E-02
     11,   1.0000E-09,   0.0000E+00,  -5.6464E-02
     12,   1.1000E-09,   0.0000E+00,  -5.6626E-02
     13,   1.2000E-09,   0.0000E+00,  -5.6557E-02
     14,   1.3000E-09,   0.0000E+00,  -5.6851E-02
     15,   1.4000E-09,   0.0000E+00,  -5.7165E-02
     16,   1.5000E-09,   0.0000E+00,  -5.7183E-02
     17,   1.6000E-09,   0.0000E+00,  -5.7385E-02
     18,   1.7000E-09,   0.0000E+00,  -5.7471E-02
     19,   1.8000E-09,   0.0000E+00,  -5.7180E-02
     20,   1.9000E-09,   0.0000E+00,  -5.7224E-02
     21,   2.0000E-09,   0.0000E+00,  -5.7151E-02
     22,   2.1000E-09,   0.0000E+00,  -5.6924E-02
     23,   2.2000E-09,   0.0000E+00,  -5.6985E-02
     24,   2.3000E-09,   0.0000E+00,  -5.7011E-02
     25,   2.4000E-09,   0.0000E+00,  -5.7050E-02
     26,   2.5000E-09,   0.0000E+00,  -5.6892E-02
     27,   2.6000E-09,   0.0000E+00,  -5.7061E-02
     28,   2.7000E-09,   0.0000E+00,  -5.7103E-02
     29,   2.8000E-09,   0.0000E+00,  -5.6873E-02
     30,   2.9000E-09,   1.0000E+00,  -5.6980E-02

SERIES_12_6, "input2", 22-Sep-2021, 19:03:20.183, 00:05:24.465,  ""
EPC10, C-Clamp,  6.7788E-11
Sweep #,     Ampl2[A],      input R
      1,   0.0000E+00,          INF
      2,  -5.0000E-11,   1.3369E+09
      3,  -1.0000E-10,   8.6500E+08

SERIES_12_7, "tivPPbefore", 22-Sep-2021, 19:03:44.524, 00:05:48.806,  ""
EPC10, V-Clamp,  7.3824E-11
Sweep #,     Ampl3[V],  peak - init,       Max[A]
      1,  -1.0000E-01,  -6.2626E-09,   7.8975E-09
      2,  -9.5000E-02,  -4.7219E-09,   5.9556E-09
      3,  -9.0000E-02,  -3.1851E-09,   4.0360E-09
      4,  -8.5000E-02,  -1.6334E-09,   2.0582E-09
      5,  -8.0000E-02,  -3.8072E-11,   5.3326E-11
      6,  -7.5000E-02,  -1.9705E-09,   1.6025E-09
      7,  -7.0000E-02,  -3.9627E-09,   3.1957E-09
      8,  -6.5000E-02,  -5.9771E-09,   4.8010E-09
      9,  -6.0000E-02,  -7.9569E-09,   6.4468E-09
     10,  -5.5000E-02,  -1.0109E-08,   8.0770E-09
     11,  -5.0000E-02,  -1.2603E-08,   9.8435E-09
     12,  -4.5000E-02,  -1.5735E-08,   1.1628E-08
     13,  -4.0000E-02,  -1.9519E-08,   1.3382E-08
     14,  -3.5000E-02,  -2.4165E-08,   1.5217E-08
     15,  -3.0000E-02,  -2.8319E-08,   1.6810E-08
     16,  -2.5000E-02,  -3.2658E-08,   1.8300E-08
     17,  -2.0000E-02,  -3.7783E-08,   1.9991E-08
     18,  -1.5000E-02,  -4.0732E-08,   2.1562E-08
     19,  -1.0000E-02,  -4.3340E-08,   2.3185E-08
     20,  -5.0000E-03,  -4.2999E-08,   2.4571E-08
     21,   0.0000E+00,  -4.1879E-08,   2.6143E-08
     22,   5.0000E-03,  -3.9445E-08,   2.7617E-08
     23,   1.0000E-02,  -3.6224E-08,   2.8873E-08
     24,   1.5000E-02,  -3.2708E-08,   3.0048E-08
     25,   2.0000E-02,  -2.8848E-08,   3.1098E-08
     26,   2.5000E-02,  -2.5013E-08,   3.2152E-08

SERIES_19_2, "CC", 23-Sep-2021, 13:47:58.505, 00:02:05.538,  ""
EPC10, C-Clamp,  3.5572E-11
Sweep #,     Ampl2[A],     AP count,     Vrest[V]
      1,   0.0000E+00,   0.0000E+00,  -4.0117E-02
      2,   0.0000E+00,   0.0000E+00,  -4.0714E-02
      3,   0.0000E+00,   0.0000E+00,  -3.9877E-02

SERIES_19_3, "CC2", 23-Sep-2021, 13:48:37.496, 00:02:44.528,  ""
EPC10, C-Clamp,  3.5572E-11
Sweep #,     Ampl2[A],     AP count,     Vrest[V]
      1,   0.0000E+00,   0.0000E+00,  -4.0175E-02
      2,   1.0000E-11,   0.0000E+00,  -4.0219E-02
      3,   2.0000E-11,   0.0000E+00,  -3.9885E-02
      4,   3.0000E-11,   0.0000E+00,  -4.0224E-02
      5,   4.0000E-11,   0.0000E+00,  -3.9941E-02
      6,   5.0000E-11,   0.0000E+00,  -4.0308E-02
      7,   6.0000E-11,   0.0000E+00,  -4.0208E-02
      8,   7.0000E-11,   0.0000E+00,  -3.9983E-02
      9,   8.0000E-11,   0.0000E+00,  -4.0028E-02
     10,   9.0000E-11,   0.0000E+00,  -3.9568E-02
     11,   1.0000E-10,   0.0000E+00,  -4.0516E-02

SERIES_19_4, "CC3", 23-Sep-2021, 13:49:18.933, 00:03:25.965,  ""
EPC10, C-Clamp,  3.5572E-11
Sweep #,     Ampl2[A],     AP count,     Vrest[V]
      1,   0.0000E+00,   0.0000E+00,  -3.9638E-02
      2,   1.0000E-10,   0.0000E+00,  -3.9410E-02
      3,   2.0000E-10,   0.0000E+00,  -4.0068E-02
      4,   3.0000E-10,   1.0000E+00,  -4.0774E-02
      5,   4.0000E-10,   3.0000E+00,  -4.1310E-02
      6,   5.0000E-10,   1.8000E+01,  -4.1680E-02
      7,   6.0000E-10,   3.5000E+00,  -4.1642E-02
      8,   7.0000E-10,   1.5000E+00,  -4.1728E-02
      9,   8.0000E-10,   1.5000E+00,  -4.1682E-02
     10,   9.0000E-10,   1.5000E+00,  -4.1923E-02
     11,   1.0000E-09,   5.0000E-01,  -4.1534E-02

SERIES_19_5, "sAP 1ms", 23-Sep-2021, 13:50:01.366, 00:04:08.398,  ""
EPC10, C-Clamp,  3.5572E-11
Sweep #,     Ampl2[A],     AP count,     Vrest[V]
      1,   0.0000E+00,   0.0000E+00,  -3.9362E-02
      2,   1.0000E-10,   0.0000E+00,  -3.9715E-02
      3,   2.0000E-10,   0.0000E+00,  -3.9503E-02
      4,   3.0000E-10,   0.0000E+00,  -3.9285E-02
      5,   4.0000E-10,   0.0000E+00,  -3.8895E-02
      6,   5.0000E-10,   0.0000E+00,  -3.8824E-02
      7,   6.0000E-10,   0.0000E+00,  -3.9117E-02
      8,   7.0000E-10,   0.0000E+00,  -3.9286E-02
      9,   8.0000E-10,   0.0000E+00,  -3.9121E-02
     10,   9.0000E-10,   0.0000E+00,  -3.8879E-02
     11,   1.0000E-09,   0.0000E+00,  -3.8748E-02
     12,   1.1000E-09,   0.0000E+00,  -3.8660E-02
     13,   1.2000E-09,   0.0000E+00,  -3.8850E-02
     14,   1.3000E-09,   0.0000E+00,  -3.8663E-02
     15,   1.4000E-09,   1.0000E+00,  -3.8812E-02
     16,   1.5000E-09,   1.0000E+00,  -3.8385E-02
     17,   1.6000E-09,   1.0000E+00,  -3.8204E-02
     18,   1.7000E-09,   1.0000E+00,  -3.7986E-02
     19,   1.8000E-09,   1.0000E+00,  -3.7634E-02
     20,   1.9000E-09,   1.0000E+00,  -3.7563E-02
     21,   2.0000E-09,   1.0000E+00,  -3.8027E-02
     22,   2.1000E-09,   1.0000E+00,  -3.7312E-02
     23,   2.2000E-09,   1.0000E+00,  -3.7727E-02
     24,   2.3000E-09,   1.0000E+00,  -3.7832E-02
     25,   2.4000E-09,   1.0000E+00,  -3.8140E-02
     26,   2.5000E-09,   1.0000E+00,  -3.8050E-02
     27,   2.6000E-09,   1.0000E+00,  -3.7598E-02
     28,   2.7000E-09,   1.0000E+00,  -3.7716E-02
     29,   2.8000E-09,   1.0000E+00,  -3.7824E-02
     30,   2.9000E-09,   1.0000E+00,  -3.7164E-02

SERIES_19_6, "input2", 23-Sep-2021, 13:51:15.746, 00:05:22.778,  ""
EPC10, C-Clamp,  3.5572E-11
Sweep #,     Ampl2[A],      input R
      1,   0.0000E+00,          INF
      2,  -5.0000E-11,   9.0438E+08
      3,  -1.0000E-10,   5.6313E+08

SERIES_19_7, "tivPPbefore", 23-Sep-2021, 13:51:39.494, 00:05:46.526,  ""
EPC10, V-Clamp,  3.3682E-11
Sweep #,     Ampl3[V],  peak - init,       Max[A]
      1,  -1.0000E-01,  -7.3495E-10,   3.4301E-10
      2,  -9.5000E-02,  -5.1413E-10,   2.1010E-10
      3,  -9.0000E-02,  -3.4432E-10,   1.2952E-10
      4,  -8.5000E-02,  -1.7341E-10,   5.8297E-11
      5,  -8.0000E-02,  -2.5613E-11,   3.3720E-11
      6,  -7.5000E-02,  -9.3529E-11,   1.6485E-10
      7,  -7.0000E-02,  -1.2735E-10,   3.5624E-10
      8,  -6.5000E-02,  -2.0199E-10,   5.6891E-10
      9,  -6.0000E-02,  -2.8482E-10,   7.6365E-10
     10,  -5.5000E-02,  -3.2539E-10,   9.2248E-10
     11,  -5.0000E-02,  -3.9086E-10,   1.1029E-09
     12,  -4.5000E-02,  -4.6594E-10,   1.3072E-09
     13,  -4.0000E-02,  -4.9935E-10,   1.4802E-09
     14,  -3.5000E-02,  -5.4949E-10,   1.6806E-09
     15,  -3.0000E-02,  -6.2458E-10,   1.8917E-09
     16,  -2.5000E-02,  -6.6090E-10,   2.0590E-09
     17,  -2.0000E-02,  -6.6644E-10,   2.2188E-09
     18,  -1.5000E-02,  -7.3072E-10,   2.4321E-09
     19,  -1.0000E-02,  -8.0036E-10,   2.8050E-09
     20,  -5.0000E-03,  -8.4408E-10,   3.0524E-09
     21,   0.0000E+00,  -8.7303E-10,   3.3010E-09
     22,   5.0000E-03,  -9.3676E-10,   3.7678E-09
     23,   1.0000E-02,  -1.7295E-09,   4.5321E-09
     24,   1.5000E-02,  -2.1560E-09,   5.2852E-09
     25,   2.0000E-02,  -2.1596E-09,   6.0253E-09
     26,   2.5000E-02,  -1.8881E-09,   6.8015E-09

SERIES_24_1, "CC", 09-Nov-2021, 11:19:00.209, 00:02:01.430,  ""
EPC10, C-Clamp,  3.3267E-11
Sweep #,     Ampl2[A],     AP count,     Vrest[V]
      1,   0.0000E+00,   0.0000E+00,  -4.5731E-02
      2,   0.0000E+00,   0.0000E+00,  -4.5617E-02
      3,   0.0000E+00,   0.0000E+00,  -4.5989E-02

SERIES_24_2, "CC2", 09-Nov-2021, 11:19:39.199, 00:02:40.419,  ""
EPC10, C-Clamp,  3.3267E-11
Sweep #,     Ampl2[A],     AP count,     Vrest[V]
      1,   0.0000E+00,   0.0000E+00,  -4.6176E-02
      2,   1.0000E-11,   0.0000E+00,  -4.6112E-02
      3,   2.0000E-11,   0.0000E+00,  -4.6276E-02
      4,   3.0000E-11,   0.0000E+00,  -4.6462E-02
      5,   4.0000E-11,   0.0000E+00,  -4.6433E-02
      6,   5.0000E-11,   0.0000E+00,  -4.6497E-02
      7,   6.0000E-11,   0.0000E+00,  -4.6566E-02
      8,   7.0000E-11,   0.0000E+00,  -4.6566E-02
      9,   8.0000E-11,   0.0000E+00,  -4.6832E-02
     10,   9.0000E-11,   0.0000E+00,  -4.6701E-02
     11,   1.0000E-10,   0.0000E+00,  -4.7127E-02

SERIES_24_3, "CC3", 09-Nov-2021, 11:20:20.636, 00:03:21.856,  ""
EPC10, C-Clamp,  3.3267E-11
Sweep #,     Ampl2[A],     AP count,     Vrest[V]
      1,   0.0000E+00,   0.0000E+00,  -4.6335E-02
      2,   1.0000E-10,   0.0000E+00,  -4.6329E-02
      3,   2.0000E-10,   3.0000E+00,  -4.7056E-02
      4,   3.0000E-10,   3.0000E+00,  -4.7611E-02
      5,   4.0000E-10,   8.5000E+00,  -4.8269E-02
      6,   5.0000E-10,   2.5000E+00,  -4.8421E-02
      7,   6.0000E-10,   1.5000E+00,  -4.7915E-02
      8,   7.0000E-10,   1.5000E+00,  -4.9216E-02
      9,   8.0000E-10,   1.5000E+00,  -4.9148E-02
     10,   9.0000E-10,   5.0000E-01,  -4.9441E-02
     11,   1.0000E-09,   5.0000E-01,  -4.8809E-02

SERIES_24_4, "sAP 1ms", 09-Nov-2021, 11:21:03.131, 00:04:04.351,  ""
EPC10, C-Clamp,  3.3267E-11
Sweep #,     Ampl2[A],     AP count,     Vrest[V]
      1,   0.0000E+00,   0.0000E+00,  -4.7759E-02
      2,   1.0000E-10,   0.0000E+00,  -4.7562E-02
      3,   2.0000E-10,   0.0000E+00,  -4.7593E-02
      4,   3.0000E-10,   0.0000E+00,  -4.7604E-02
      5,   4.0000E-10,   0.0000E+00,  -4.7401E-02
      6,   5.0000E-10,   0.0000E+00,  -4.6789E-02
      7,   6.0000E-10,   0.0000E+00,  -4.7255E-02
      8,   7.0000E-10,   0.0000E+00,  -4.7376E-02
      9,   8.0000E-10,   0.0000E+00,  -4.7405E-02
     10,   9.0000E-10,   0.0000E+00,  -4.7421E-02
     11,   1.0000E-09,   0.0000E+00,  -4.7269E-02
     12,   1.1000E-09,   0.0000E+00,  -4.7223E-02
     13,   1.2000E-09,   0.0000E+00,  -4.7215E-02
     14,   1.3000E-09,   0.0000E+00,  -4.6980E-02
     15,   1.4000E-09,   0.0000E+00,  -4.6872E-02
     16,   1.5000E-09,   0.0000E+00,  -4.7007E-02
     17,   1.6000E-09,   0.0000E+00,  -4.6505E-02
     18,   1.7000E-09,   0.0000E+00,  -4.6839E-02
     19,   1.8000E-09,   0.0000E+00,  -4.6777E-02
     20,   1.9000E-09,   0.0000E+00,  -4.6543E-02
     21,   2.0000E-09,   0.0000E+00,  -4.6612E-02
     22,   2.1000E-09,   0.0000E+00,  -4.6705E-02
     23,   2.2000E-09,   0.0000E+00,  -4.6404E-02
     24,   2.3000E-09,   0.0000E+00,  -4.6856E-02
     25,   2.4000E-09,   1.0000E+00,  -4.6749E-02
     26,   2.5000E-09,   1.0000E+00,  -4.6712E-02
     27,   2.6000E-09,   1.0000E+00,  -4.6731E-02
     28,   2.7000E-09,   1.0000E+00,  -4.6444E-02
     29,   2.8000E-09,   1.0000E+00,  -4.6885E-02
     30,   2.9000E-09,   1.0000E+00,  -4.7034E-02

SERIES_24_5, "input2", 09-Nov-2021, 11:22:17.511, 00:05:18.731,  ""
EPC10, C-Clamp,  3.3267E-11
Sweep #,     Ampl2[A],      input R
      1,   0.0000E+00,          INF
      2,  -5.0000E-11,   1.1494E+09
      3,  -1.0000E-10,   7.5844E+08

SERIES_24_6, "tivPPbefore", 09-Nov-2021, 11:23:27.106, 00:06:28.326,  ""
EPC10, V-Clamp,  3.6786E-11
Sweep #,     Ampl3[V],  peak - init,       Max[A]
      1,  -1.0000E-01,  -1.6492E-09,   1.5730E-09
      2,  -9.5000E-02,  -1.2484E-09,   1.1899E-09
      3,  -9.0000E-02,  -7.9435E-10,   7.6447E-10
      4,  -8.5000E-02,  -4.0187E-10,   4.0174E-10
      5,  -8.0000E-02,  -2.6310E-11,   3.5481E-11
      6,  -7.5000E-02,  -3.9351E-10,   4.0993E-10
      7,  -7.0000E-02,  -7.8001E-10,   7.9454E-10
      8,  -6.5000E-02,  -1.1679E-09,   1.2275E-09
      9,  -6.0000E-02,  -1.5482E-09,   1.6195E-09
     10,  -5.5000E-02,  -1.9248E-09,   1.9899E-09
     11,  -5.0000E-02,  -2.2891E-09,   2.3918E-09
     12,  -4.5000E-02,  -2.7346E-09,   2.8323E-09
     13,  -4.0000E-02,  -3.2917E-09,   3.3614E-09
     14,  -3.5000E-02,  -3.6966E-09,   3.7822E-09
     15,  -3.0000E-02,  -4.0320E-09,   4.1345E-09
     16,  -2.5000E-02,  -4.3247E-09,   4.5239E-09
     17,  -2.0000E-02,  -4.7218E-09,   4.9536E-09
     18,  -1.5000E-02,  -4.9930E-09,   5.3079E-09
     19,  -1.0000E-02,  -5.3230E-09,   5.6928E-09
     20,  -5.0000E-03,  -5.9287E-09,   6.0092E-09
     21,   0.0000E+00,  -7.3360E-09,   6.3585E-09
     22,   5.0000E-03,  -7.7577E-09,   6.6646E-09
     23,   1.0000E-02,  -7.6867E-09,   6.9201E-09
     24,   1.5000E-02,  -6.9372E-09,   7.1337E-09
     25,   2.0000E-02,  -7.2038E-09,   7.3963E-09
     26,   2.5000E-02,  -7.4091E-09,   7.4645E-09

SERIES_26_3, "CC", 09-Nov-2021, 11:39:24.552, 00:02:01.288,  ""
EPC10, C-Clamp,  3.4001E-11
Sweep #,     Ampl2[A],     AP count,     Vrest[V]
      1,   0.0000E+00,   0.0000E+00,  -4.3052E-02
      2,   0.0000E+00,   0.0000E+00,  -4.2599E-02
      3,   0.0000E+00,   0.0000E+00,  -4.2475E-02

SERIES_26_4, "CC2", 09-Nov-2021, 11:40:03.558, 00:02:40.293,  ""
EPC10, C-Clamp,  3.4001E-11
Sweep #,     Ampl2[A],     AP count,     Vrest[V]
      1,   0.0000E+00,   0.0000E+00,  -4.2161E-02
      2,   1.0000E-11,   0.0000E+00,  -4.2047E-02
      3,   2.0000E-11,   0.0000E+00,  -4.1758E-02
      4,   3.0000E-11,   0.0000E+00,  -4.1927E-02
      5,   4.0000E-11,   0.0000E+00,  -4.2164E-02
      6,   5.0000E-11,   0.0000E+00,  -4.2211E-02
      7,   6.0000E-11,   0.0000E+00,  -4.2577E-02
      8,   7.0000E-11,   0.0000E+00,  -4.2655E-02
      9,   8.0000E-11,   0.0000E+00,  -4.2462E-02
     10,   9.0000E-11,   0.0000E+00,  -4.2522E-02
     11,   1.0000E-10,   0.0000E+00,  -4.2719E-02

SERIES_26_5, "CC3", 09-Nov-2021, 11:40:44.996, 00:03:21.731,  ""
EPC10, C-Clamp,  3.4001E-11
Sweep #,     Ampl2[A],     AP count,     Vrest[V]
      1,   0.0000E+00,   0.0000E+00,  -4.1435E-02
      2,   1.0000E-10,   1.0000E+00,  -4.1509E-02
      3,   2.0000E-10,   6.2500E+01,  -4.2188E-02
      4,   3.0000E-10,   1.5000E+00,  -4.2885E-02
      5,   4.0000E-10,   5.0000E-01,  -4.3172E-02
      6,   5.0000E-10,   5.0000E-01,  -4.3603E-02
      7,   6.0000E-10,   5.0000E-01,  -4.3903E-02
      8,   7.0000E-10,   5.0000E-01,  -4.4336E-02
      9,   8.0000E-10,   5.0000E-01,  -4.4346E-02
     10,   9.0000E-10,   5.0000E-01,  -4.4226E-02
     11,   1.0000E-09,   5.0000E-01,  -4.4510E-02

SERIES_26_6, "sAP 1ms", 09-Nov-2021, 11:41:27.553, 00:04:04.288,  ""
EPC10, C-Clamp,  3.4001E-11
Sweep #,     Ampl2[A],     AP count,     Vrest[V]
      1,   0.0000E+00,   0.0000E+00,  -4.3308E-02
      2,   1.0000E-10,   0.0000E+00,  -4.3215E-02
      3,   2.0000E-10,   0.0000E+00,  -4.2995E-02
      4,   3.0000E-10,   0.0000E+00,  -4.2918E-02
      5,   4.0000E-10,   0.0000E+00,  -4.2915E-02
      6,   5.0000E-10,   0.0000E+00,  -4.3084E-02
      7,   6.0000E-10,   0.0000E+00,  -4.3058E-02
      8,   7.0000E-10,   0.0000E+00,  -4.2894E-02
      9,   8.0000E-10,   0.0000E+00,  -4.2830E-02
     10,   9.0000E-10,   0.0000E+00,  -4.2822E-02
     11,   1.0000E-09,   0.0000E+00,  -4.2891E-02
     12,   1.1000E-09,   0.0000E+00,  -4.3014E-02
     13,   1.2000E-09,   0.0000E+00,  -4.2965E-02
     14,   1.3000E-09,   0.0000E+00,  -4.2850E-02
     15,   1.4000E-09,   0.0000E+00,  -4.3050E-02
     16,   1.5000E-09,   1.0000E+00,  -4.3004E-02
     17,   1.6000E-09,   1.0000E+00,  -4.3157E-02
     18,   1.7000E-09,   1.0000E+00,  -4.3007E-02
     19,   1.8000E-09,   1.0000E+00,  -4.3043E-02
     20,   1.9000E-09,   1.0000E+00,  -4.3072E-02
     21,   2.0000E-09,   1.0000E+00,  -4.3101E-02
     22,   2.1000E-09,   1.0000E+00,  -4.3585E-02
     23,   2.2000E-09,   1.0000E+00,  -4.3010E-02
     24,   2.3000E-09,   1.0000E+00,  -4.3097E-02
     25,   2.4000E-09,   1.0000E+00,  -4.2841E-02
     26,   2.5000E-09,   1.0000E+00,  -4.2720E-02
     27,   2.6000E-09,   1.0000E+00,  -4.2838E-02
     28,   2.7000E-09,   1.0000E+00,  -4.3105E-02
     29,   2.8000E-09,   1.0000E+00,  -4.3215E-02
     30,   2.9000E-09,   1.0000E+00,  -4.3153E-02

SERIES_26_7, "input2", 09-Nov-2021, 11:42:41.996, 00:05:18.731,  ""
EPC10, C-Clamp,  3.4001E-11
Sweep #,     Ampl2[A],      input R
      1,   0.0000E+00,          INF
      2,  -5.0000E-11,   1.1650E+09
      3,  -1.0000E-10,   9.8563E+08

SERIES_26_8, "tivPPbefore", 09-Nov-2021, 11:43:07.587, 00:05:44.322,  ""
EPC10, V-Clamp,  3.6661E-11
Sweep #,     Ampl3[V],  peak - init,       Max[A]
      1,  -1.0000E-01,  -3.6953E-10,   5.3252E-10
      2,  -9.5000E-02,  -2.6374E-10,   4.4888E-10
      3,  -9.0000E-02,  -1.9175E-10,   2.8873E-10
      4,  -8.5000E-02,  -7.9342E-11,   1.5055E-10
      5,  -8.0000E-02,  -2.4994E-11,   2.5926E-11
      6,  -7.5000E-02,  -1.5969E-10,   8.6250E-11
      7,  -7.0000E-02,  -3.4376E-10,   1.8356E-10
      8,  -6.5000E-02,  -4.9274E-10,   3.2694E-10
      9,  -6.0000E-02,  -6.8225E-10,   4.2298E-10
     10,  -5.5000E-02,  -6.5295E-10,   6.6830E-10
     11,  -5.0000E-02,  -4.3290E-10,   1.3413E-09
     12,  -4.5000E-02,   4.4624E-11,   2.4107E-09
     13,  -4.0000E-02,  -1.8626E-10,   2.3908E-09
     14,  -3.5000E-02,  -6.1612E-10,   1.6516E-09
     15,  -3.0000E-02,  -6.4513E-10,   2.0218E-09
     16,  -2.5000E-02,  -4.4895E-10,   2.2563E-09
     17,  -2.0000E-02,  -3.9594E-10,   2.5857E-09
     18,  -1.5000E-02,  -4.8916E-10,   2.7375E-09
     19,  -1.0000E-02,  -1.3771E-09,   2.5570E-09
     20,  -5.0000E-03,  -6.1176E-09,   3.2277E-09
     21,   0.0000E+00,  -5.9337E-09,   3.7997E-09
     22,   5.0000E-03,  -7.9017E-09,   2.5049E-09
     23,   1.0000E-02,  -7.2818E-09,   3.1133E-09
     24,   1.5000E-02,  -6.7277E-09,   3.5664E-09
     25,   2.0000E-02,  -5.8953E-09,   4.1508E-09
     26,   2.5000E-02,  -5.0686E-09,   4.7589E-09

SERIES_31_2, "CC", 09-Nov-2021, 14:34:46.787, 00:02:01.476,  ""
EPC10, C-Clamp,  1.6506E-11
Sweep #,     Ampl2[A],     AP count,     Vrest[V]
      1,   0.0000E+00,   0.0000E+00,  -4.1279E-02
      2,   0.0000E+00,   0.0000E+00,  -4.1139E-02
      3,   0.0000E+00,   0.0000E+00,  -4.0874E-02

SERIES_31_3, "CC2", 09-Nov-2021, 14:35:25.808, 00:02:40.497,  ""
EPC10, C-Clamp,  1.6506E-11
Sweep #,     Ampl2[A],     AP count,     Vrest[V]
      1,   0.0000E+00,   0.0000E+00,  -4.1330E-02
      2,   1.0000E-11,   0.0000E+00,  -4.1510E-02
      3,   2.0000E-11,   0.0000E+00,  -4.1449E-02
      4,   3.0000E-11,   0.0000E+00,  -4.1618E-02
      5,   4.0000E-11,   0.0000E+00,  -4.2045E-02
      6,   5.0000E-11,   0.0000E+00,  -4.2057E-02
      7,   6.0000E-11,   0.0000E+00,  -4.2706E-02
      8,   7.0000E-11,   0.0000E+00,  -4.3096E-02
      9,   8.0000E-11,   0.0000E+00,  -4.3182E-02
     10,   9.0000E-11,   0.0000E+00,  -4.3398E-02
     11,   1.0000E-10,   0.0000E+00,  -4.3626E-02

SERIES_31_4, "CC3", 09-Nov-2021, 14:36:07.230, 00:03:21.919,  ""
EPC10, C-Clamp,  1.6506E-11
Sweep #,     Ampl2[A],     AP count,     Vrest[V]
      1,   0.0000E+00,   0.0000E+00,  -4.2284E-02
      2,   1.0000E-10,   0.0000E+00,  -4.1826E-02
      3,   2.0000E-10,   5.5500E+01,  -4.3105E-02
      4,   3.0000E-10,   1.5000E+00,  -4.4278E-02
      5,   4.0000E-10,   5.0000E-01,  -4.4651E-02
      6,   5.0000E-10,   5.0000E-01,  -4.4572E-02
      7,   6.0000E-10,   5.0000E-01,  -4.4793E-02
      8,   7.0000E-10,   5.0000E-01,  -4.4862E-02
      9,   8.0000E-10,   5.0000E-01,  -4.5198E-02
     10,   9.0000E-10,   5.0000E-01,  -4.4839E-02
     11,   1.0000E-09,   5.0000E-01,  -4.5110E-02

SERIES_31_5, "sAP 1ms", 09-Nov-2021, 14:36:49.678, 00:04:04.368,  ""
EPC10, C-Clamp,  1.6506E-11
Sweep #,     Ampl2[A],     AP count,     Vrest[V]
      1,   0.0000E+00,   0.0000E+00,  -4.3027E-02
      2,   1.0000E-10,   0.0000E+00,  -4.2452E-02
      3,   2.0000E-10,   0.0000E+00,  -4.2246E-02
      4,   3.0000E-10,   0.0000E+00,  -4.1936E-02
      5,   4.0000E-10,   0.0000E+00,  -4.1730E-02
      6,   5.0000E-10,   0.0000E+00,  -4.1843E-02
      7,   6.0000E-10,   0.0000E+00,  -4.1741E-02
      8,   7.0000E-10,   1.0000E+00,  -4.1803E-02
      9,   8.0000E-10,   1.0000E+00,  -4.1350E-02
     10,   9.0000E-10,   1.0000E+00,  -4.1856E-02
     11,   1.0000E-09,   1.0000E+00,  -4.1430E-02
     12,   1.1000E-09,   1.0000E+00,  -4.1643E-02
     13,   1.2000E-09,   1.0000E+00,  -4.1403E-02
     14,   1.3000E-09,   1.0000E+00,  -4.1711E-02
     15,   1.4000E-09,   1.0000E+00,  -4.1452E-02
     16,   1.5000E-09,   1.0000E+00,  -4.1307E-02
     17,   1.6000E-09,   1.0000E+00,  -4.1746E-02
     18,   1.7000E-09,   1.0000E+00,  -4.1377E-02
     19,   1.8000E-09,   1.0000E+00,  -4.1807E-02
     20,   1.9000E-09,   1.0000E+00,  -4.2011E-02
     21,   2.0000E-09,   1.0000E+00,  -4.1571E-02
     22,   2.1000E-09,   1.0000E+00,  -4.2038E-02
     23,   2.2000E-09,   1.0000E+00,  -4.1893E-02
     24,   2.3000E-09,   1.0000E+00,  -4.2016E-02
     25,   2.4000E-09,   1.0000E+00,  -4.1487E-02
     26,   2.5000E-09,   1.0000E+00,  -4.1655E-02
     27,   2.6000E-09,   1.0000E+00,  -4.1619E-02
     28,   2.7000E-09,   1.0000E+00,  -4.1649E-02
     29,   2.8000E-09,   1.0000E+00,  -4.1705E-02
     30,   2.9000E-09,   1.0000E+00,  -4.1485E-02

SERIES_31_6, "input2", 09-Nov-2021, 14:38:04.043, 00:05:18.732,  ""
EPC10, C-Clamp,  1.6506E-11
Sweep #,     Ampl2[A],      input R
      1,   0.0000E+00,          INF
      2,  -5.0000E-11,   1.2188E+09
      3,  -1.0000E-10,   9.7375E+08

SERIES_31_7, "tivPPbefore", 09-Nov-2021, 14:38:59.744, 00:06:14.433,  ""
EPC10, V-Clamp,  1.6430E-11
Sweep #,     Ampl3[V],  peak - init,       Max[A]
      1,  -1.0000E-01,  -1.7573E-10,   1.0895E-10
      2,  -9.5000E-02,  -1.4334E-10,   8.6210E-11
      3,  -9.0000E-02,  -1.0387E-10,   5.9111E-11
      4,  -8.5000E-02,  -3.5131E-11,   2.9801E-11
      5,  -8.0000E-02,  -2.5794E-11,   2.8761E-11
      6,  -7.5000E-02,  -3.2088E-11,   5.7164E-11
      7,  -7.0000E-02,  -4.5398E-11,   1.0123E-10
      8,  -6.5000E-02,  -9.7656E-11,   1.7141E-10
      9,  -6.0000E-02,  -1.0354E-10,   2.0310E-10
     10,  -5.5000E-02,  -1.7104E-10,   2.9419E-10
     11,  -5.0000E-02,  -2.2490E-10,   3.7566E-10
     12,  -4.5000E-02,  -2.4342E-10,   4.1574E-10
     13,  -4.0000E-02,  -3.1745E-10,   5.2980E-10
     14,  -3.5000E-02,  -3.3625E-10,   5.8765E-10
     15,  -3.0000E-02,  -3.5511E-10,   6.8543E-10
     16,  -2.5000E-02,  -4.2431E-10,   7.8130E-10
     17,  -2.0000E-02,  -4.4825E-10,   8.5939E-10
     18,  -1.5000E-02,  -5.3298E-10,   9.7128E-10
     19,  -1.0000E-02,  -5.8052E-10,   1.0999E-09
     20,  -5.0000E-03,  -1.7429E-09,   1.2042E-09
     21,   0.0000E+00,  -3.3375E-09,   1.4566E-09
     22,   5.0000E-03,  -4.4923E-09,   2.0284E-09
     23,   1.0000E-02,  -5.0354E-09,   2.5587E-09
     24,   1.5000E-02,  -5.0794E-09,   3.0260E-09
     25,   2.0000E-02,  -4.7473E-09,   3.6034E-09
     26,   2.5000E-02,  -4.2979E-09,   4.1399E-09

SERIES_32_2, "CC", 09-Nov-2021, 14:57:30.661, 00:02:01.522,  ""
EPC10, C-Clamp,  3.0534E-11
Sweep #,     Ampl2[A],     AP count,     Vrest[V]
      1,   0.0000E+00,   0.0000E+00,  -4.4929E-02
      2,   0.0000E+00,   0.0000E+00,  -4.4804E-02
      3,   0.0000E+00,   0.0000E+00,  -4.4461E-02

SERIES_32_3, "CC2", 09-Nov-2021, 14:58:09.590, 00:02:40.450,  ""
EPC10, C-Clamp,  3.0534E-11
Sweep #,     Ampl2[A],     AP count,     Vrest[V]
      1,   0.0000E+00,   0.0000E+00,  -4.4377E-02
      2,   1.0000E-11,   0.0000E+00,  -4.4530E-02
      3,   2.0000E-11,   0.0000E+00,  -4.4710E-02
      4,   3.0000E-11,   0.0000E+00,  -4.4419E-02
      5,   4.0000E-11,   0.0000E+00,  -4.4595E-02
      6,   5.0000E-11,   0.0000E+00,  -4.4891E-02
      7,   6.0000E-11,   0.0000E+00,  -4.5038E-02
      8,   7.0000E-11,   0.0000E+00,  -4.5070E-02
      9,   8.0000E-11,   0.0000E+00,  -4.5148E-02
     10,   9.0000E-11,   0.0000E+00,  -4.5189E-02
     11,   1.0000E-10,   0.0000E+00,  -4.5357E-02

SERIES_32_4, "CC3", 09-Nov-2021, 14:58:51.090, 00:03:21.950,  ""
EPC10, C-Clamp,  3.0534E-11
Sweep #,     Ampl2[A],     AP count,     Vrest[V]
      1,   0.0000E+00,   0.0000E+00,  -4.3702E-02
      2,   1.0000E-10,   0.0000E+00,  -4.3778E-02
      3,   2.0000E-10,   4.5000E+01,  -4.4774E-02
      4,   3.0000E-10,   8.5000E+00,  -4.5262E-02
      5,   4.0000E-10,   1.5000E+00,  -4.5531E-02
      6,   5.0000E-10,   5.0000E-01,  -4.5514E-02
      7,   6.0000E-10,   5.0000E-01,  -4.5497E-02
      8,   7.0000E-10,   5.0000E-01,  -4.5247E-02
      9,   8.0000E-10,   5.0000E-01,  -4.5324E-02
     10,   9.0000E-10,   5.0000E-01,  -4.5264E-02
     11,   1.0000E-09,   5.0000E-01,  -4.5346E-02

SERIES_32_5, "sAP 1ms", 09-Nov-2021, 14:59:33.522, 00:04:04.382,  ""
EPC10, C-Clamp,  3.0534E-11
Sweep #,     Ampl2[A],     AP count,     Vrest[V]
      1,   0.0000E+00,   0.0000E+00,  -4.3532E-02
      2,   1.0000E-10,   0.0000E+00,  -4.3420E-02
      3,   2.0000E-10,   0.0000E+00,  -4.3508E-02
      4,   3.0000E-10,   0.0000E+00,  -4.3450E-02
      5,   4.0000E-10,   0.0000E+00,  -4.3430E-02
      6,   5.0000E-10,   0.0000E+00,  -4.3313E-02
      7,   6.0000E-10,   0.0000E+00,  -4.3428E-02
      8,   7.0000E-10,   0.0000E+00,  -4.2798E-02
      9,   8.0000E-10,   0.0000E+00,  -4.2941E-02
     10,   9.0000E-10,   0.0000E+00,  -4.3125E-02
     11,   1.0000E-09,   0.0000E+00,  -4.3331E-02
     12,   1.1000E-09,   0.0000E+00,  -4.3397E-02
     13,   1.2000E-09,   1.0000E+00,  -4.3527E-02
     14,   1.3000E-09,   1.0000E+00,  -4.3462E-02
     15,   1.4000E-09,   1.0000E+00,  -4.3643E-02
     16,   1.5000E-09,   1.0000E+00,  -4.3521E-02
     17,   1.6000E-09,   1.0000E+00,  -4.3292E-02
     18,   1.7000E-09,   1.0000E+00,  -4.3385E-02
     19,   1.8000E-09,   1.0000E+00,  -4.3668E-02
     20,   1.9000E-09,   1.0000E+00,  -4.3585E-02
     21,   2.0000E-09,   1.0000E+00,  -4.3445E-02
     22,   2.1000E-09,   1.0000E+00,  -4.3473E-02
     23,   2.2000E-09,   1.0000E+00,  -4.3347E-02
     24,   2.3000E-09,   1.0000E+00,  -4.3208E-02
     25,   2.4000E-09,   1.0000E+00,  -4.3066E-02
     26,   2.5000E-09,   1.0000E+00,  -4.3220E-02
     27,   2.6000E-09,   1.0000E+00,  -4.3267E-02
     28,   2.7000E-09,   1.0000E+00,  -4.3407E-02
     29,   2.8000E-09,   1.0000E+00,  -4.3130E-02
     30,   2.9000E-09,   1.0000E+00,  -4.2977E-02

SERIES_32_6, "input2", 09-Nov-2021, 15:00:47.980, 00:05:18.840,  ""
EPC10, C-Clamp,  3.0534E-11
Sweep #,     Ampl2[A],      input R
      1,   0.0000E+00,          INF
      2,  -5.0000E-11,   1.2744E+09
      3,  -1.0000E-10,   1.0494E+09

SERIES_32_7, "tivPPbefore", 09-Nov-2021, 15:01:28.774, 00:05:59.634,  ""
EPC10, V-Clamp,  3.0620E-11
Sweep #,     Ampl3[V],  peak - init,       Max[A]
      1,  -1.0000E-01,  -1.1128E-10,   7.1111E-11
      2,  -9.5000E-02,  -8.7158E-11,   6.4413E-11
      3,  -9.0000E-02,  -5.3574E-11,   4.6658E-11
      4,  -8.5000E-02,  -3.0927E-11,   2.3772E-11
      5,  -8.0000E-02,  -2.6645E-11,   3.2556E-11
      6,  -7.5000E-02,  -3.7582E-11,   3.7273E-11
      7,  -7.0000E-02,  -4.5630E-11,   6.1822E-11
      8,  -6.5000E-02,  -6.9334E-11,   9.7127E-11
      9,  -6.0000E-02,  -7.8723E-11,   1.3322E-10
     10,  -5.5000E-02,  -1.1024E-10,   1.5109E-10
     11,  -5.0000E-02,  -1.3212E-10,   2.5622E-10
     12,  -4.5000E-02,  -1.7656E-10,   3.9344E-10
     13,  -4.0000E-02,  -1.8487E-10,   5.8945E-10
     14,  -3.5000E-02,  -2.3772E-10,   8.0225E-10
     15,  -3.0000E-02,  -2.8317E-10,   1.1099E-09
     16,  -2.5000E-02,  -3.6576E-10,   1.4373E-09
     17,  -2.0000E-02,  -4.9205E-10,   1.8541E-09
     18,  -1.5000E-02,  -6.0688E-10,   2.3736E-09
     19,  -1.0000E-02,  -1.5305E-09,   3.0196E-09
     20,  -5.0000E-03,  -4.1277E-09,   4.1682E-09
     21,   0.0000E+00,  -4.8761E-09,   4.8193E-09
     22,   5.0000E-03,  -4.9260E-09,   5.4820E-09
     23,   1.0000E-02,  -4.7659E-09,   6.0742E-09
     24,   1.5000E-02,  -4.4350E-09,   6.8653E-09
     25,   2.0000E-02,  -3.9169E-09,   7.7290E-09
     26,   2.5000E-02,  -3.3875E-09,   8.5313E-09

SERIES_34_2, "CC", 09-Nov-2021, 15:31:47.067, 00:02:07.913,  ""
EPC10, C-Clamp,  2.6098E-11
Sweep #,     Ampl2[A],     AP count,     Vrest[V]
      1,   0.0000E+00,   0.0000E+00,  -4.0371E-02
      2,   0.0000E+00,   0.0000E+00,  -4.0258E-02
      3,   0.0000E+00,   0.0000E+00,  -3.9920E-02

SERIES_34_3, "CC2", 09-Nov-2021, 15:32:26.027, 00:02:46.872,  ""
EPC10, C-Clamp,  2.6098E-11
Sweep #,     Ampl2[A],     AP count,     Vrest[V]
      1,   0.0000E+00,   0.0000E+00,  -3.9567E-02
      2,   1.0000E-11,   0.0000E+00,  -3.9791E-02
      3,   2.0000E-11,   0.0000E+00,  -3.9860E-02
      4,   3.0000E-11,   0.0000E+00,  -3.9824E-02
      5,   4.0000E-11,   0.0000E+00,  -4.0059E-02
      6,   5.0000E-11,   0.0000E+00,  -4.0462E-02
      7,   6.0000E-11,   0.0000E+00,  -4.0700E-02
      8,   7.0000E-11,   0.0000E+00,  -4.0522E-02
      9,   8.0000E-11,   0.0000E+00,  -4.0762E-02
     10,   9.0000E-11,   0.0000E+00,  -4.0848E-02
     11,   1.0000E-10,   0.0000E+00,  -4.0462E-02

SERIES_34_4, "CC3", 09-Nov-2021, 15:33:07.449, 00:03:28.294,  ""
EPC10, C-Clamp,  2.6098E-11
Sweep #,     Ampl2[A],     AP count,     Vrest[V]
      1,   0.0000E+00,   0.0000E+00,  -3.9970E-02
      2,   1.0000E-10,   0.0000E+00,  -3.9859E-02
      3,   2.0000E-10,   5.1500E+01,  -4.0693E-02
      4,   3.0000E-10,   2.5000E+00,  -4.1159E-02
      5,   4.0000E-10,   5.0000E-01,  -4.2058E-02
      6,   5.0000E-10,   5.0000E-01,  -4.1919E-02
      7,   6.0000E-10,   5.0000E-01,  -4.2329E-02
      8,   7.0000E-10,   5.0000E-01,  -4.2366E-02
      9,   8.0000E-10,   5.0000E-01,  -4.2287E-02
     10,   9.0000E-10,   5.0000E-01,  -4.2014E-02
     11,   1.0000E-09,   5.0000E-01,  -4.2074E-02

SERIES_34_5, "sAP 1ms", 09-Nov-2021, 15:33:49.881, 00:04:10.726,  ""
EPC10, C-Clamp,  2.6098E-11
Sweep #,     Ampl2[A],     AP count,     Vrest[V]
      1,   0.0000E+00,   0.0000E+00,  -4.0633E-02
      2,   1.0000E-10,   0.0000E+00,  -4.0698E-02
      3,   2.0000E-10,   0.0000E+00,  -4.0492E-02
      4,   3.0000E-10,   0.0000E+00,  -4.0421E-02
      5,   4.0000E-10,   0.0000E+00,  -4.0497E-02
      6,   5.0000E-10,   0.0000E+00,  -4.0262E-02
      7,   6.0000E-10,   0.0000E+00,  -4.0715E-02
      8,   7.0000E-10,   0.0000E+00,  -3.9993E-02
      9,   8.0000E-10,   0.0000E+00,  -2.9136E-02
     10,   9.0000E-10,   1.0000E+00,  -2.7782E-02
     11,   1.0000E-09,   0.0000E+00,  -4.1065E-02
     12,   1.1000E-09,   0.0000E+00,  -4.0354E-02
     13,   1.2000E-09,   0.0000E+00,  -4.0505E-02
     14,   1.3000E-09,   0.0000E+00,  -3.9964E-02
     15,   1.4000E-09,   1.0000E+00,  -4.0194E-02
     16,   1.5000E-09,   1.0000E+00,  -4.0260E-02
     17,   1.6000E-09,   1.0000E+00,  -3.9623E-02
     18,   1.7000E-09,   1.0000E+00,  -4.0103E-02
     19,   1.8000E-09,   1.0000E+00,  -3.9907E-02
     20,   1.9000E-09,   1.0000E+00,  -3.9931E-02
     21,   2.0000E-09,   1.0000E+00,  -4.0020E-02
     22,   2.1000E-09,   1.0000E+00,  -4.0157E-02
     23,   2.2000E-09,   1.0000E+00,  -4.0336E-02
     24,   2.3000E-09,   1.0000E+00,  -4.0065E-02
     25,   2.4000E-09,   1.0000E+00,  -4.0014E-02
     26,   2.5000E-09,   2.0000E+00,  -3.9806E-02
     27,   2.6000E-09,   2.0000E+00,  -4.0457E-02
     28,   2.7000E-09,   1.0000E+00,  -4.0448E-02
     29,   2.8000E-09,   1.0000E+00,  -4.0241E-02
     30,   2.9000E-09,   1.0000E+00,  -4.0047E-02

SERIES_34_6, "input2", 09-Nov-2021, 15:35:04.324, 00:05:25.169,  ""
EPC10, C-Clamp,  2.6098E-11
Sweep #,     Ampl2[A],      input R
      1,   0.0000E+00,          INF
      2,  -5.0000E-11,   1.0575E+09
      3,  -1.0000E-10,   7.2375E+08

SERIES_34_7, "tivPPbefore", 09-Nov-2021, 15:36:10.930, 00:06:31.775,  ""
EPC10, V-Clamp,  2.5421E-11
Sweep #,     Ampl3[V],  peak - init,       Max[A]
      1,  -1.0000E-01,  -5.0510E-10,   1.4709E-10
      2,  -9.5000E-02,  -3.8926E-10,   1.1618E-10
      3,  -9.0000E-02,  -2.5712E-10,   8.1131E-11
      4,  -8.5000E-02,  -1.2655E-10,   5.3892E-11
      5,  -8.0000E-02,  -2.2570E-11,   3.7369E-11
      6,  -7.5000E-02,  -6.3711E-11,   1.4684E-10
      7,  -7.0000E-02,  -1.0870E-10,   2.5923E-10
      8,  -6.5000E-02,  -1.4615E-10,   3.8707E-10
      9,  -6.0000E-02,  -2.0393E-10,   5.1911E-10
     10,  -5.5000E-02,  -2.6658E-10,   6.5176E-10
     11,  -5.0000E-02,  -2.9784E-10,   7.7857E-10
     12,  -4.5000E-02,  -3.4654E-10,   9.2998E-10
     13,  -4.0000E-02,  -3.5745E-10,   1.0354E-09
     14,  -3.5000E-02,  -4.3680E-10,   1.2090E-09
     15,  -3.0000E-02,  -1.4728E-11,   2.4538E-09
     16,  -2.5000E-02,  -1.0269E-10,   3.2743E-09
     17,  -2.0000E-02,   5.2362E-12,   4.0768E-09
     18,  -1.5000E-02,  -7.7666E-11,   3.1628E-09
     19,  -1.0000E-02,  -1.7334E-11,   3.0330E-09
     20,  -5.0000E-03,  -5.4258E-10,   2.2033E-09
     21,   0.0000E+00,  -7.3833E-10,   2.1420E-09
     22,   5.0000E-03,  -7.2203E-10,   2.2747E-09
     23,   1.0000E-02,  -7.5236E-10,   2.5584E-09
     24,   1.5000E-02,  -7.6234E-10,   3.0227E-09
     25,   2.0000E-02,  -7.5649E-10,   3.4241E-09
     26,   2.5000E-02,  -7.4919E-10,   3.8891E-09

SERIES_37_2, "CC", 09-Nov-2021, 16:33:54.068, 00:02:01.741,  ""
EPC10, C-Clamp,  2.4167E-11
Sweep #,     Ampl2[A],     AP count,     Vrest[V]
      1,   0.0000E+00,   0.0000E+00,  -4.0506E-02
      2,   0.0000E+00,   0.0000E+00,  -4.0201E-02
      3,   0.0000E+00,   0.0000E+00,  -4.1302E-02

SERIES_37_3, "CC2", 09-Nov-2021, 16:34:33.074, 00:02:40.747,  ""
EPC10, C-Clamp,  2.4167E-11
Sweep #,     Ampl2[A],     AP count,     Vrest[V]
      1,   0.0000E+00,   0.0000E+00,  -4.1365E-02
      2,   1.0000E-11,   0.0000E+00,  -4.1044E-02
      3,   2.0000E-11,   0.0000E+00,  -4.1230E-02
      4,   3.0000E-11,   0.0000E+00,  -4.1603E-02
      5,   4.0000E-11,   0.0000E+00,  -4.1699E-02
      6,   5.0000E-11,   0.0000E+00,  -4.1821E-02
      7,   6.0000E-11,   0.0000E+00,  -4.1555E-02
      8,   7.0000E-11,   0.0000E+00,  -4.1881E-02
      9,   8.0000E-11,   0.0000E+00,  -4.1397E-02
     10,   9.0000E-11,   0.0000E+00,  -4.2120E-02
     11,   1.0000E-10,   0.0000E+00,  -4.1917E-02

SERIES_37_4, "CC3", 09-Nov-2021, 16:35:14.581, 00:03:22.254,  ""
EPC10, C-Clamp,  2.4167E-11
Sweep #,     Ampl2[A],     AP count,     Vrest[V]
      1,   0.0000E+00,   0.0000E+00,  -4.0684E-02
      2,   1.0000E-10,   0.0000E+00,  -4.0975E-02
      3,   2.0000E-10,   3.1000E+01,  -4.1975E-02
      4,   3.0000E-10,   1.5000E+00,  -4.2319E-02
      5,   4.0000E-10,   5.0000E-01,  -4.2130E-02
      6,   5.0000E-10,   5.0000E-01,  -4.2679E-02
      7,   6.0000E-10,   5.0000E-01,  -4.3015E-02
      8,   7.0000E-10,   5.0000E-01,  -4.2470E-02
      9,   8.0000E-10,   5.0000E-01,  -4.3283E-02
     10,   9.0000E-10,   5.0000E-01,  -4.1939E-02
     11,   1.0000E-09,   5.0000E-01,  -4.2443E-02

SERIES_37_5, "sAP 1ms", 09-Nov-2021, 16:35:57.006, 00:04:04.679,  ""
EPC10, C-Clamp,  2.4167E-11
Sweep #,     Ampl2[A],     AP count,     Vrest[V]
      1,   0.0000E+00,   0.0000E+00,  -3.9691E-02
      2,   1.0000E-10,   0.0000E+00,  -4.1207E-02
      3,   2.0000E-10,   0.0000E+00,  -4.0776E-02
      4,   3.0000E-10,   0.0000E+00,  -3.8774E-02
      5,   4.0000E-10,   0.0000E+00,  -3.9883E-02
      6,   5.0000E-10,   0.0000E+00,  -3.9591E-02
      7,   6.0000E-10,   0.0000E+00,  -3.9413E-02
      8,   7.0000E-10,   0.0000E+00,  -3.9167E-02
      9,   8.0000E-10,   0.0000E+00,  -3.9292E-02
     10,   9.0000E-10,   0.0000E+00,  -4.0238E-02
     11,   1.0000E-09,   1.0000E+00,  -4.0327E-02
     12,   1.1000E-09,   1.0000E+00,  -4.0533E-02
     13,   1.2000E-09,   1.0000E+00,  -3.9582E-02
     14,   1.3000E-09,   1.0000E+00,  -3.9842E-02
     15,   1.4000E-09,   1.0000E+00,  -4.0883E-02
     16,   1.5000E-09,   1.0000E+00,  -4.1157E-02
     17,   1.6000E-09,   1.0000E+00,  -4.0885E-02
     18,   1.7000E-09,   1.0000E+00,  -4.1055E-02
     19,   1.8000E-09,   1.0000E+00,  -3.9760E-02
     20,   1.9000E-09,   1.0000E+00,  -4.1253E-02
     21,   2.0000E-09,   1.0000E+00,  -4.0668E-02
     22,   2.1000E-09,   1.0000E+00,  -4.0048E-02
     23,   2.2000E-09,   1.0000E+00,  -4.0871E-02
     24,   2.3000E-09,   1.0000E+00,  -4.1338E-02
     25,   2.4000E-09,   1.0000E+00,  -4.0850E-02
     26,   2.5000E-09,   1.0000E+00,  -4.1042E-02
     27,   2.6000E-09,   1.0000E+00,  -3.8881E-02
     28,   2.7000E-09,   1.0000E+00,  -4.1671E-02
     29,   2.8000E-09,   1.0000E+00,  -4.1715E-02
     30,   2.9000E-09,   1.0000E+00,  -4.0296E-02

SERIES_37_6, "input2", 09-Nov-2021, 16:37:11.449, 00:05:19.122,  ""
EPC10, C-Clamp,  2.4167E-11
Sweep #,     Ampl2[A],      input R
      1,   0.0000E+00,          INF
      2,  -5.0000E-11,   1.1875E+09
      3,  -1.0000E-10,   9.5906E+08

SERIES_37_7, "tivPPbefore", 09-Nov-2021, 16:37:35.994, 00:05:43.667,  ""
EPC10, V-Clamp,  2.3689E-11
Sweep #,     Ampl3[V],  peak - init,       Max[A]
      1,  -1.0000E-01,  -1.5631E-10,   7.9310E-11
      2,  -9.5000E-02,  -1.3524E-10,   5.0821E-11
      3,  -9.0000E-02,  -6.9876E-11,   2.7919E-11
      4,  -8.5000E-02,  -4.5759E-11,   2.8870E-11
      5,  -8.0000E-02,  -2.4143E-11,   3.3971E-11
      6,  -7.5000E-02,  -2.5717E-11,   4.9441E-11
      7,  -7.0000E-02,  -2.2596E-11,   9.6461E-11
      8,  -6.5000E-02,  -5.9662E-11,   1.3120E-10
      9,  -6.0000E-02,  -7.1707E-11,   1.9187E-10
     10,  -5.5000E-02,  -7.8775E-11,   2.3154E-10
     11,  -5.0000E-02,  -9.0460E-11,   2.5404E-10
     12,  -4.5000E-02,  -1.0292E-10,   3.2175E-10
     13,  -4.0000E-02,  -1.1290E-10,   3.8766E-10
     14,  -3.5000E-02,  -1.2030E-10,   4.9237E-10
     15,  -3.0000E-02,  -1.5969E-10,   6.6920E-10
     16,  -2.5000E-02,  -1.3408E-10,   8.3367E-10
     17,  -2.0000E-02,  -8.9789E-11,   1.0518E-09
     18,  -1.5000E-02,  -9.2033E-11,   1.2564E-09
     19,  -1.0000E-02,  -8.4218E-11,   1.4228E-09
     20,  -5.0000E-03,  -9.4174E-11,   1.5386E-09
     21,   0.0000E+00,  -7.7070E-10,   1.7492E-09
     22,   5.0000E-03,  -2.3357E-09,   2.2933E-09
     23,   1.0000E-02,  -3.9623E-09,   2.9339E-09
     24,   1.5000E-02,  -4.8648E-09,   3.6648E-09
     25,   2.0000E-02,  -5.0846E-09,   4.4551E-09
     26,   2.5000E-02,  -4.9050E-09,   5.1351E-09

SERIES_48_2, "CC", 10-Nov-2021, 10:39:19.833, 00:02:01.381,  ""
EPC10, C-Clamp,  2.9052E-11
Sweep #,     Ampl2[A],     AP count,     Vrest[V]
      1,   0.0000E+00,   0.0000E+00,  -4.2985E-02
      2,   0.0000E+00,   0.0000E+00,  -4.2723E-02
      3,   0.0000E+00,   0.0000E+00,  -4.2420E-02

SERIES_48_3, "CC2", 10-Nov-2021, 10:39:58.777, 00:02:40.325,  ""
EPC10, C-Clamp,  2.9052E-11
Sweep #,     Ampl2[A],     AP count,     Vrest[V]
      1,   0.0000E+00,   0.0000E+00,  -4.1839E-02
      2,   1.0000E-11,   0.0000E+00,  -4.1860E-02
      3,   2.0000E-11,   0.0000E+00,  -4.2266E-02
      4,   3.0000E-11,   0.0000E+00,  -4.2304E-02
      5,   4.0000E-11,   0.0000E+00,  -4.2660E-02
      6,   5.0000E-11,   0.0000E+00,  -4.2729E-02
      7,   6.0000E-11,   0.0000E+00,  -4.2706E-02
      8,   7.0000E-11,   0.0000E+00,  -4.2923E-02
      9,   8.0000E-11,   0.0000E+00,  -4.2881E-02
     10,   9.0000E-11,   0.0000E+00,  -4.2887E-02
     11,   1.0000E-10,   0.0000E+00,  -4.2703E-02

SERIES_48_4, "CC3", 10-Nov-2021, 10:40:40.356, 00:03:21.904,  ""
EPC10, C-Clamp,  2.9052E-11
Sweep #,     Ampl2[A],     AP count,     Vrest[V]
      1,   0.0000E+00,   0.0000E+00,  -4.1592E-02
      2,   1.0000E-10,   0.0000E+00,  -4.1491E-02
      3,   2.0000E-10,   0.0000E+00,  -4.2728E-02
      4,   3.0000E-10,   4.0000E+00,  -4.3536E-02
      5,   4.0000E-10,   7.0000E+00,  -4.4220E-02
      6,   5.0000E-10,   1.1500E+01,  -4.4816E-02
      7,   6.0000E-10,   2.5000E+00,  -4.4610E-02
      8,   7.0000E-10,   3.5000E+00,  -4.4945E-02
      9,   8.0000E-10,   1.5000E+00,  -4.5120E-02
     10,   9.0000E-10,   1.5000E+00,  -4.4976E-02
     11,   1.0000E-09,   1.5000E+00,  -4.5025E-02

SERIES_48_5, "sAP 1ms", 10-Nov-2021, 10:41:22.788, 00:04:04.336,  ""
EPC10, C-Clamp,  2.9052E-11
Sweep #,     Ampl2[A],     AP count,     Vrest[V]
      1,   0.0000E+00,   0.0000E+00,  -4.1243E-02
      2,   1.0000E-10,   0.0000E+00,  -4.1865E-02
      3,   2.0000E-10,   0.0000E+00,  -4.1294E-02
      4,   3.0000E-10,   0.0000E+00,  -4.1575E-02
      5,   4.0000E-10,   0.0000E+00,  -4.1496E-02
      6,   5.0000E-10,   0.0000E+00,  -4.0898E-02
      7,   6.0000E-10,   0.0000E+00,  -4.0837E-02
      8,   7.0000E-10,   0.0000E+00,  -4.1039E-02
      9,   8.0000E-10,   0.0000E+00,  -4.0619E-02
     10,   9.0000E-10,   0.0000E+00,  -4.0411E-02
     11,   1.0000E-09,   0.0000E+00,  -4.0770E-02
     12,   1.1000E-09,   0.0000E+00,  -4.0620E-02
     13,   1.2000E-09,   0.0000E+00,  -4.0725E-02
     14,   1.3000E-09,   0.0000E+00,  -4.0516E-02
     15,   1.4000E-09,   0.0000E+00,  -4.0993E-02
     16,   1.5000E-09,   1.0000E+00,  -4.0662E-02
     17,   1.6000E-09,   1.0000E+00,  -4.0536E-02
     18,   1.7000E-09,   1.0000E+00,  -4.0682E-02
     19,   1.8000E-09,   1.0000E+00,  -4.0548E-02
     20,   1.9000E-09,   1.0000E+00,  -4.0837E-02
     21,   2.0000E-09,   1.0000E+00,  -4.0585E-02
     22,   2.1000E-09,   1.0000E+00,  -4.1038E-02
     23,   2.2000E-09,   1.0000E+00,  -4.0768E-02
     24,   2.3000E-09,   1.0000E+00,  -4.0676E-02
     25,   2.4000E-09,   1.0000E+00,  -4.1138E-02
     26,   2.5000E-09,   1.0000E+00,  -4.0557E-02
     27,   2.6000E-09,   1.0000E+00,  -4.0394E-02
     28,   2.7000E-09,   1.0000E+00,  -4.0783E-02
     29,   2.8000E-09,   1.0000E+00,  -4.0187E-02
     30,   2.9000E-09,   1.0000E+00,  -4.0656E-02

SERIES_48_6, "input2", 10-Nov-2021, 10:42:37.215, 00:05:18.763,  ""
EPC10, C-Clamp,  2.9052E-11
Sweep #,     Ampl2[A],      input R
      1,   0.0000E+00,          INF
      2,  -5.0000E-11,   1.0850E+09
      3,  -1.0000E-10,   8.3781E+08

SERIES_48_7, "tivPPbefore", 10-Nov-2021, 10:43:21.806, 00:06:03.354,  ""
EPC10, V-Clamp,  3.0362E-11
Sweep #,     Ampl3[V],  peak - init,       Max[A]
      1,  -1.0000E-01,  -6.6863E-10,   2.0989E-10
      2,  -9.5000E-02,  -4.9808E-10,   1.7564E-10
      3,  -9.0000E-02,  -3.2023E-10,   9.6731E-11
      4,  -8.5000E-02,  -1.6526E-10,   5.7730E-11
      5,  -8.0000E-02,  -3.4151E-11,   4.3158E-11
      6,  -7.5000E-02,  -9.1543E-11,   1.7466E-10
      7,  -7.0000E-02,  -1.2817E-10,   3.5075E-10
      8,  -6.5000E-02,  -1.7323E-10,   5.1073E-10
      9,  -6.0000E-02,  -2.3620E-10,   6.7885E-10
     10,  -5.5000E-02,  -2.9784E-10,   8.6105E-10
     11,  -5.0000E-02,  -3.4267E-10,   1.0191E-09
     12,  -4.5000E-02,  -3.9406E-10,   1.1920E-09
     13,  -4.0000E-02,  -4.5534E-10,   1.3780E-09
     14,  -3.5000E-02,  -4.9899E-10,   1.5499E-09
     15,  -3.0000E-02,  -5.3721E-10,   1.7141E-09
     16,  -2.5000E-02,  -5.9037E-10,   1.9048E-09
     17,  -2.0000E-02,  -6.3745E-10,   2.0728E-09
     18,  -1.5000E-02,  -6.4916E-10,   2.2486E-09
     19,  -1.0000E-02,  -4.3207E-09,   2.4160E-09
     20,  -5.0000E-03,  -7.7364E-09,   2.5568E-09
     21,   0.0000E+00,  -8.1840E-09,   3.0164E-09
     22,   5.0000E-03,  -8.2078E-09,   3.7700E-09
     23,   1.0000E-02,  -7.7173E-09,   4.4941E-09
     24,   1.5000E-02,  -7.0326E-09,   5.2460E-09
     25,   2.0000E-02,  -6.1702E-09,   5.9490E-09
     26,   2.5000E-02,  -5.2797E-09,   6.5857E-09

SERIES_61_2, "CC", 16-Nov-2021, 12:16:51.709, 00:02:01.257,  ""
EPC10, C-Clamp,  2.7566E-11
Sweep #,     Ampl2[A],     AP count,     Vrest[V]
      1,   0.0000E+00,   0.0000E+00,  -4.0889E-02
      2,   0.0000E+00,   0.0000E+00,  -4.0958E-02
      3,   0.0000E+00,   0.0000E+00,  -4.0529E-02

SERIES_61_3, "CC2", 16-Nov-2021, 12:17:30.730, 00:02:40.278,  ""
EPC10, C-Clamp,  2.7566E-11
Sweep #,     Ampl2[A],     AP count,     Vrest[V]
      1,   0.0000E+00,   0.0000E+00,  -4.0798E-02
      2,   1.0000E-11,   0.0000E+00,  -4.0292E-02
      3,   2.0000E-11,   0.0000E+00,  -4.0779E-02
      4,   3.0000E-11,   0.0000E+00,  -4.1017E-02
      5,   4.0000E-11,   0.0000E+00,  -4.1317E-02
      6,   5.0000E-11,   0.0000E+00,  -4.1747E-02
      7,   6.0000E-11,   0.0000E+00,  -4.2392E-02
      8,   7.0000E-11,   0.0000E+00,  -4.2589E-02
      9,   8.0000E-11,   0.0000E+00,  -4.2856E-02
     10,   9.0000E-11,   0.0000E+00,  -4.2963E-02
     11,   1.0000E-10,   0.0000E+00,  -4.3658E-02

SERIES_61_4, "CC3", 16-Nov-2021, 12:18:12.168, 00:03:21.716,  ""
EPC10, C-Clamp,  2.7566E-11
Sweep #,     Ampl2[A],     AP count,     Vrest[V]
      1,   0.0000E+00,   0.0000E+00,  -4.2713E-02
      2,   1.0000E-10,   0.0000E+00,  -4.2444E-02
      3,   2.0000E-10,   0.0000E+00,  -4.2670E-02
      4,   3.0000E-10,   1.0000E+00,  -4.4343E-02
      5,   4.0000E-10,   1.0000E+00,  -4.5228E-02
      6,   5.0000E-10,   2.0000E+00,  -4.5863E-02
      7,   6.0000E-10,   1.3000E+01,  -4.6175E-02
      8,   7.0000E-10,   5.1000E+01,  -4.6748E-02
      9,   8.0000E-10,   1.0450E+02,  -4.7139E-02
     10,   9.0000E-10,   1.4250E+02,  -4.7199E-02
     11,   1.0000E-09,   1.0050E+02,  -4.7461E-02

SERIES_61_5, "sAP 1ms", 16-Nov-2021, 12:18:54.646, 00:04:04.194,  ""
EPC10, C-Clamp,  2.7566E-11
Sweep #,     Ampl2[A],     AP count,     Vrest[V]
      1,   0.0000E+00,   0.0000E+00,  -4.4376E-02
      2,   1.0000E-10,   0.0000E+00,  -4.3502E-02
      3,   2.0000E-10,   0.0000E+00,  -4.3269E-02
      4,   3.0000E-10,   0.0000E+00,  -4.3573E-02
      5,   4.0000E-10,   0.0000E+00,  -4.3290E-02
      6,   5.0000E-10,   0.0000E+00,  -4.3034E-02
      7,   6.0000E-10,   0.0000E+00,  -4.3349E-02
      8,   7.0000E-10,   0.0000E+00,  -4.2774E-02
      9,   8.0000E-10,   0.0000E+00,  -4.2432E-02
     10,   9.0000E-10,   0.0000E+00,  -4.2842E-02
     11,   1.0000E-09,   0.0000E+00,  -4.2186E-02
     12,   1.1000E-09,   0.0000E+00,  -4.2530E-02
     13,   1.2000E-09,   1.0000E+00,  -4.3225E-02
     14,   1.3000E-09,   1.0000E+00,  -4.3220E-02
     15,   1.4000E-09,   1.0000E+00,  -4.3191E-02
     16,   1.5000E-09,   1.0000E+00,  -4.3102E-02
     17,   1.6000E-09,   1.0000E+00,  -4.3029E-02
     18,   1.7000E-09,   1.0000E+00,  -4.3009E-02
     19,   1.8000E-09,   1.0000E+00,  -4.3717E-02
     20,   1.9000E-09,   1.0000E+00,  -4.2934E-02
     21,   2.0000E-09,   1.0000E+00,  -4.2714E-02
     22,   2.1000E-09,   1.0000E+00,  -4.2948E-02
     23,   2.2000E-09,   1.0000E+00,  -4.2756E-02
     24,   2.3000E-09,   1.0000E+00,  -4.2982E-02
     25,   2.4000E-09,   1.0000E+00,  -4.3133E-02
     26,   2.5000E-09,   1.0000E+00,  -4.3306E-02
     27,   2.6000E-09,   1.0000E+00,  -4.3655E-02
     28,   2.7000E-09,   1.0000E+00,  -4.3822E-02
     29,   2.8000E-09,   1.0000E+00,  -4.3047E-02
     30,   2.9000E-09,   1.0000E+00,  -4.3583E-02

SERIES_61_6, "input2", 16-Nov-2021, 12:20:09.090, 00:05:18.638,  ""
EPC10, C-Clamp,  2.7566E-11
Sweep #,     Ampl2[A],      input R
      1,   0.0000E+00,          INF
      2,  -5.0000E-11,   1.0950E+09
      3,  -1.0000E-10,   7.5687E+08

SERIES_61_7, "tivPPbefore", 16-Nov-2021, 12:20:30.368, 00:05:39.916,  ""
EPC10, V-Clamp,  2.6353E-11
Sweep #,     Ampl3[V],  peak - init,       Max[A]
      1,  -1.0000E-01,  -5.6154E-11,   4.5885E-11
      2,  -9.5000E-02,  -4.8493E-11,   3.3008E-11
      3,  -9.0000E-02,  -4.4649E-11,   2.7551E-11
      4,  -8.5000E-02,  -2.5949E-11,   2.3091E-11
      5,  -8.0000E-02,  -1.7463E-11,   2.1029E-11
      6,  -7.5000E-02,  -1.6199E-11,   3.3203E-11
      7,  -7.0000E-02,  -1.7746E-11,   5.5347E-11
      8,  -6.5000E-02,  -3.9362E-11,   6.4818E-11
      9,  -6.0000E-02,  -5.3213E-11,   1.0677E-10
     10,  -5.5000E-02,  -3.9542E-11,   1.6811E-10
     11,  -5.0000E-02,  -5.1356E-11,   2.4761E-10
     12,  -4.5000E-02,  -5.0917E-11,   3.4939E-10
     13,  -4.0000E-02,  -7.7485E-11,   4.9225E-10
     14,  -3.5000E-02,  -5.3419E-11,   6.2317E-10
     15,  -3.0000E-02,  -6.0539E-11,   7.9259E-10
     16,  -2.5000E-02,  -9.3993E-11,   9.8993E-10
     17,  -2.0000E-02,  -1.4153E-10,   1.2071E-09
     18,  -1.5000E-02,  -1.7034E-10,   1.4808E-09
     19,  -1.0000E-02,  -1.2361E-10,   1.7587E-09
     20,  -5.0000E-03,  -1.5881E-10,   2.0444E-09
     21,   0.0000E+00,  -3.1291E-10,   2.5545E-09
     22,   5.0000E-03,  -1.4263E-09,   3.7210E-09
     23,   1.0000E-02,  -1.8298E-09,   4.5322E-09
     24,   1.5000E-02,  -1.8549E-09,   5.2343E-09
     25,   2.0000E-02,  -1.7120E-09,   5.9004E-09
     26,   2.5000E-02,  -1.4446E-09,   6.5266E-09

SERIES_63_4, "CC", 16-Nov-2021, 12:42:19.396, 00:02:01.492,  ""
EPC10, C-Clamp,  2.6879E-11
Sweep #,     Ampl2[A],     AP count,     Vrest[V]
      1,   0.0000E+00,   0.0000E+00,  -3.2759E-02
      2,   0.0000E+00,   0.0000E+00,  -3.1883E-02
      3,   0.0000E+00,   0.0000E+00,  -3.2109E-02

SERIES_63_5, "CC2", 16-Nov-2021, 12:42:58.324, 00:02:40.419,  ""
EPC10, C-Clamp,  2.6879E-11
Sweep #,     Ampl2[A],     AP count,     Vrest[V]
      1,   0.0000E+00,   0.0000E+00,  -3.0603E-02
      2,   1.0000E-11,   0.0000E+00,  -3.0460E-02
      3,   2.0000E-11,   0.0000E+00,  -3.0777E-02
      4,   3.0000E-11,   0.0000E+00,  -3.0739E-02
      5,   4.0000E-11,   0.0000E+00,  -3.1042E-02
      6,   5.0000E-11,   1.0000E+00,  -3.0899E-02
      7,   6.0000E-11,   1.0000E+01,  -3.0941E-02
      8,   7.0000E-11,   4.4500E+01,  -3.1403E-02
      9,   8.0000E-11,   2.3500E+01,  -3.1182E-02
     10,   9.0000E-11,   9.5000E+00,  -3.1188E-02
     11,   1.0000E-10,   1.5000E+00,  -3.1067E-02

SERIES_63_6, "CC3", 16-Nov-2021, 12:43:39.824, 00:03:21.919,  ""
EPC10, C-Clamp,  2.6879E-11
Sweep #,     Ampl2[A],     AP count,     Vrest[V]
      1,   0.0000E+00,   0.0000E+00,  -3.0067E-02
      2,   1.0000E-10,   8.5000E+00,  -2.9766E-02
      3,   2.0000E-10,   5.0000E-01,  -3.1139E-02
      4,   3.0000E-10,   5.0000E-01,  -3.1007E-02
      5,   4.0000E-10,   5.0000E-01,  -3.0798E-02
      6,   5.0000E-10,   5.0000E-01,  -3.0775E-02
      7,   6.0000E-10,   5.0000E-01,  -3.0292E-02
      8,   7.0000E-10,   5.0000E-01,  -3.0921E-02
      9,   8.0000E-10,   5.0000E-01,  -3.0733E-02
     10,   9.0000E-10,   5.0000E-01,  -3.0101E-02
     11,   1.0000E-09,   5.0000E-01,  -3.0044E-02

SERIES_63_7, "sAP 1ms", 16-Nov-2021, 12:44:22.256, 00:04:04.351,  ""
EPC10, C-Clamp,  2.6879E-11
Sweep #,     Ampl2[A],     AP count,     Vrest[V]
      1,   0.0000E+00,   0.0000E+00,  -2.7725E-02
      2,   1.0000E-10,   0.0000E+00,  -2.7673E-02
      3,   2.0000E-10,   0.0000E+00,  -2.7461E-02
      4,   3.0000E-10,   0.0000E+00,  -2.7985E-02
      5,   4.0000E-10,   0.0000E+00,  -2.8364E-02
      6,   5.0000E-10,   1.0000E+00,  -2.7381E-02
      7,   6.0000E-10,   1.0000E+00,  -2.7677E-02
      8,   7.0000E-10,   1.0000E+00,  -2.7389E-02
      9,   8.0000E-10,   1.0000E+00,  -2.8169E-02
     10,   9.0000E-10,   1.0000E+00,  -2.7336E-02
     11,   1.0000E-09,   1.0000E+00,  -2.6912E-02
     12,   1.1000E-09,   1.0000E+00,  -2.7857E-02
     13,   1.2000E-09,   1.0000E+00,  -2.6952E-02
     14,   1.3000E-09,   1.0000E+00,  -2.7437E-02
     15,   1.4000E-09,   1.0000E+00,  -2.7209E-02
     16,   1.5000E-09,   1.0000E+00,  -2.7047E-02
     17,   1.6000E-09,   1.0000E+00,  -2.8073E-02
     18,   1.7000E-09,   1.0000E+00,  -2.7588E-02
     19,   1.8000E-09,   1.0000E+00,  -2.7730E-02
     20,   1.9000E-09,   1.0000E+00,  -2.6412E-02
     21,   2.0000E-09,   1.0000E+00,  -2.7600E-02
     22,   2.1000E-09,   1.0000E+00,  -2.7389E-02
     23,   2.2000E-09,   1.0000E+00,  -2.7194E-02
     24,   2.3000E-09,   1.0000E+00,  -2.8448E-02
     25,   2.4000E-09,   1.0000E+00,  -2.6776E-02
     26,   2.5000E-09,   1.0000E+00,  -2.6161E-02
     27,   2.6000E-09,   1.0000E+00,  -2.7513E-02
     28,   2.7000E-09,   1.0000E+00,  -2.6628E-02
     29,   2.8000E-09,   1.0000E+00,  -2.7707E-02
     30,   2.9000E-09,   1.0000E+00,  -2.7213E-02

SERIES_63_8, "input2", 16-Nov-2021, 12:45:36.699, 00:05:18.794,  ""
EPC10, C-Clamp,  2.6879E-11
Sweep #,     Ampl2[A],      input R
      1,   0.0000E+00,          INF
      2,  -5.0000E-11,   1.2287E+09
      3,  -1.0000E-10,   1.4713E+09

SERIES_63_9, "tivPPbefore", 16-Nov-2021, 12:46:56.619, 00:06:38.714,  ""
EPC10, V-Clamp,  2.4113E-11
Sweep #,     Ampl3[V],  peak - init,       Max[A]
      1,  -1.0000E-01,  -1.3720E-10,   8.2031E-11
      2,  -9.5000E-02,  -9.7837E-11,   4.7621E-11
      3,  -9.0000E-02,  -9.4432E-11,   5.6662E-11
      4,  -8.5000E-02,  -3.4848E-11,   3.6639E-11
      5,  -8.0000E-02,  -3.4048E-11,   3.8898E-11
      6,  -7.5000E-02,  -4.0187E-11,   5.9033E-11
      7,  -7.0000E-02,  -6.1983E-11,   8.1666E-11
      8,  -6.5000E-02,  -7.7382E-11,   1.2336E-10
      9,  -6.0000E-02,  -1.2123E-10,   2.0516E-10
     10,  -5.5000E-02,  -1.2827E-10,   2.6191E-10
     11,  -5.0000E-02,  -1.9364E-10,   5.1236E-10
     12,  -4.5000E-02,  -2.5111E-10,   9.2202E-10
     13,  -4.0000E-02,  -2.5188E-10,   1.4306E-09
     14,  -3.5000E-02,  -3.4693E-10,   2.0954E-09
     15,  -3.0000E-02,  -3.7817E-10,   2.8426E-09
     16,  -2.5000E-02,  -4.8988E-10,   3.6204E-09
     17,  -2.0000E-02,  -5.1544E-10,   4.5298E-09
     18,  -1.5000E-02,  -5.7074E-10,   5.4509E-09
     19,  -1.0000E-02,  -6.5850E-10,   6.3398E-09
     20,  -5.0000E-03,  -1.9869E-09,   7.2446E-09
     21,   0.0000E+00,  -2.8898E-09,   9.0905E-09
     22,   5.0000E-03,  -4.3305E-09,   1.0328E-08
     23,   1.0000E-02,  -5.4773E-09,   1.1144E-08
     24,   1.5000E-02,  -5.3507E-09,   1.2761E-08
     25,   2.0000E-02,  -5.2407E-09,   1.4282E-08
     26,   2.5000E-02,  -4.7995E-09,   1.5593E-08

SERIES_64_3, "CC", 16-Nov-2021, 12:55:19.536, 00:02:01.506,  ""
EPC10, C-Clamp,  3.0191E-11
Sweep #,     Ampl2[A],     AP count,     Vrest[V]
      1,   0.0000E+00,   0.0000E+00,  -3.7147E-02
      2,   0.0000E+00,   0.0000E+00,  -3.7025E-02
      3,   0.0000E+00,   0.0000E+00,  -3.6219E-02

SERIES_64_4, "CC2", 16-Nov-2021, 12:55:58.527, 00:02:40.497,  ""
EPC10, C-Clamp,  3.0191E-11
Sweep #,     Ampl2[A],     AP count,     Vrest[V]
      1,   0.0000E+00,   0.0000E+00,  -3.5518E-02
      2,   1.0000E-11,   0.0000E+00,  -3.5657E-02
      3,   2.0000E-11,   0.0000E+00,  -3.5123E-02
      4,   3.0000E-11,   0.0000E+00,  -3.5595E-02
      5,   4.0000E-11,   0.0000E+00,  -3.5749E-02
      6,   5.0000E-11,   0.0000E+00,  -3.5708E-02
      7,   6.0000E-11,   0.0000E+00,  -3.5737E-02
      8,   7.0000E-11,   0.0000E+00,  -3.6135E-02
      9,   8.0000E-11,   0.0000E+00,  -3.6526E-02
     10,   9.0000E-11,   0.0000E+00,  -3.6230E-02
     11,   1.0000E-10,   0.0000E+00,  -3.6513E-02

SERIES_64_5, "CC3", 16-Nov-2021, 12:56:40.027, 00:03:21.997,  ""
EPC10, C-Clamp,  3.0191E-11
Sweep #,     Ampl2[A],     AP count,     Vrest[V]
      1,   0.0000E+00,   0.0000E+00,  -3.5018E-02
      2,   1.0000E-10,   0.0000E+00,  -3.4942E-02
      3,   2.0000E-10,   8.5000E+00,  -3.5719E-02
      4,   3.0000E-10,   5.0000E-01,  -3.6610E-02
      5,   4.0000E-10,   5.0000E-01,  -3.7149E-02
      6,   5.0000E-10,   5.0000E-01,  -3.6866E-02
      7,   6.0000E-10,   5.0000E-01,  -3.6752E-02
      8,   7.0000E-10,   5.0000E-01,  -3.7241E-02
      9,   8.0000E-10,   5.0000E-01,  -3.6850E-02
     10,   9.0000E-10,   5.0000E-01,  -3.6734E-02
     11,   1.0000E-09,   5.0000E-01,  -3.6305E-02

SERIES_64_6, "sAP 1ms", 16-Nov-2021, 12:57:22.522, 00:04:04.492,  ""
EPC10, C-Clamp,  3.0191E-11
Sweep #,     Ampl2[A],     AP count,     Vrest[V]
      1,   0.0000E+00,   0.0000E+00,  -3.4032E-02
      2,   1.0000E-10,   0.0000E+00,  -3.3856E-02
      3,   2.0000E-10,   0.0000E+00,  -3.4063E-02
      4,   3.0000E-10,   0.0000E+00,  -3.3870E-02
      5,   4.0000E-10,   0.0000E+00,  -3.2769E-02
      6,   5.0000E-10,   0.0000E+00,  -3.3938E-02
      7,   6.0000E-10,   0.0000E+00,  -3.3694E-02
      8,   7.0000E-10,   0.0000E+00,  -3.4008E-02
      9,   8.0000E-10,   1.0000E+00,  -3.3175E-02
     10,   9.0000E-10,   1.0000E+00,  -3.2720E-02
     11,   1.0000E-09,   1.0000E+00,  -3.3782E-02
     12,   1.1000E-09,   1.0000E+00,  -3.3655E-02
     13,   1.2000E-09,   1.0000E+00,  -3.2745E-02
     14,   1.3000E-09,   1.0000E+00,  -3.3223E-02
     15,   1.4000E-09,   1.0000E+00,  -3.3370E-02
     16,   1.5000E-09,   1.0000E+00,  -3.2965E-02
     17,   1.6000E-09,   1.0000E+00,  -3.2692E-02
     18,   1.7000E-09,   1.0000E+00,  -3.3370E-02
     19,   1.8000E-09,   1.0000E+00,  -3.2852E-02
     20,   1.9000E-09,   1.0000E+00,  -3.1990E-02
     21,   2.0000E-09,   1.0000E+00,  -3.2136E-02
     22,   2.1000E-09,   1.0000E+00,  -3.2061E-02
     23,   2.2000E-09,   1.0000E+00,  -3.2234E-02
     24,   2.3000E-09,   1.0000E+00,  -3.1679E-02
     25,   2.4000E-09,   1.0000E+00,  -3.1945E-02
     26,   2.5000E-09,   1.0000E+00,  -3.2128E-02
     27,   2.6000E-09,   1.0000E+00,  -3.1547E-02
     28,   2.7000E-09,   1.0000E+00,  -3.2284E-02
     29,   2.8000E-09,   1.0000E+00,  -3.2301E-02
     30,   2.9000E-09,   1.0000E+00,  -3.1567E-02

SERIES_64_7, "input2", 16-Nov-2021, 12:58:37.292, 00:05:19.262,  ""
EPC10, C-Clamp,  3.0191E-11
Sweep #,     Ampl2[A],      input R
      1,   0.0000E+00,          INF
      2,  -5.0000E-11,   1.0431E+09
      3,  -1.0000E-10,   8.7781E+08

SERIES_64_8, "tivPPbefore", 16-Nov-2021, 12:59:12.744, 00:05:54.714,  ""
EPC10, V-Clamp,  2.8742E-11
Sweep #,     Ampl3[V],  peak - init,       Max[A]
      1,  -1.0000E-01,  -1.1592E-10,   6.2246E-11
      2,  -9.5000E-02,  -9.2884E-11,   5.3245E-11
      3,  -9.0000E-02,  -7.7924E-11,   3.6973E-11
      4,  -8.5000E-02,  -5.6257E-11,   8.9918E-12
      5,  -8.0000E-02,  -3.8098E-11,   4.9237E-11
      6,  -7.5000E-02,   4.3024E-11,   1.8403E-10
      7,  -7.0000E-02,  -4.2560E-11,   1.4975E-10
      8,  -6.5000E-02,  -7.4932E-11,   3.1626E-10
      9,  -6.0000E-02,  -1.2892E-10,   4.8372E-10
     10,  -5.5000E-02,  -2.5590E-10,   4.8316E-10
     11,  -5.0000E-02,  -3.0383E-10,   7.7612E-10
     12,  -4.5000E-02,  -3.2271E-10,   1.4497E-09
     13,  -4.0000E-02,  -4.4662E-10,   1.7077E-09
     14,  -3.5000E-02,  -6.0784E-10,   1.9765E-09
     15,  -3.0000E-02,  -7.4470E-10,   2.5277E-09
     16,  -2.5000E-02,  -8.8014E-10,   2.9556E-09
     17,  -2.0000E-02,  -1.0297E-09,   3.5608E-09
     18,  -1.5000E-02,  -1.1996E-09,   4.1033E-09
     19,  -1.0000E-02,  -1.4128E-09,   4.6448E-09
     20,  -5.0000E-03,  -2.6150E-09,   5.6772E-09
     21,   0.0000E+00,  -3.3705E-09,   6.3855E-09
     22,   5.0000E-03,  -3.4203E-09,   6.9086E-09
     23,   1.0000E-02,  -2.7895E-09,   7.7259E-09
     24,   1.5000E-02,  -2.2766E-09,   8.6089E-09
     25,   2.0000E-02,  -2.4920E-09,   9.2645E-09
     26,   2.5000E-02,  -2.7389E-09,   1.0028E-08

SERIES_78_3, "CC", 16-Nov-2021, 17:38:06.536, 00:02:01.303,  ""
EPC10, C-Clamp,  1.6257E-11
Sweep #,     Ampl2[A],     AP count,     Vrest[V]
      1,   0.0000E+00,   0.0000E+00,  -2.7787E-02
      2,   0.0000E+00,   0.0000E+00,  -2.7312E-02
      3,   0.0000E+00,   0.0000E+00,  -2.5136E-02

SERIES_78_4, "CC2", 16-Nov-2021, 17:38:45.466, 00:02:40.233,  ""
EPC10, C-Clamp,  1.6257E-11
Sweep #,     Ampl2[A],     AP count,     Vrest[V]
      1,   0.0000E+00,   0.0000E+00,  -2.5698E-02
      2,   1.0000E-11,   0.0000E+00,  -2.5604E-02
      3,   2.0000E-11,   0.0000E+00,  -2.5719E-02
      4,   3.0000E-11,   0.0000E+00,  -2.5915E-02
      5,   4.0000E-11,   0.0000E+00,  -2.5346E-02
      6,   5.0000E-11,   0.0000E+00,  -2.4665E-02
      7,   6.0000E-11,   1.2000E+01,  -2.5487E-02
      8,   7.0000E-11,   6.5500E+01,  -2.5842E-02
      9,   8.0000E-11,   7.5000E+00,  -2.5121E-02
     10,   9.0000E-11,   4.5000E+00,  -2.5000E-02
     11,   1.0000E-10,   2.5000E+00,  -2.5545E-02

SERIES_78_5, "CC3", 16-Nov-2021, 17:39:26.966, 00:03:21.733,  ""
EPC10, C-Clamp,  1.6257E-11
Sweep #,     Ampl2[A],     AP count,     Vrest[V]
      1,   0.0000E+00,   0.0000E+00,  -2.3118E-02
      2,   1.0000E-10,   5.0000E-01,  -2.3619E-02
      3,   2.0000E-10,   5.0000E-01,  -2.4439E-02
      4,   3.0000E-10,   5.0000E-01,  -2.4157E-02
      5,   4.0000E-10,   5.0000E-01,  -2.3501E-02
      6,   5.0000E-10,   5.0000E-01,  -2.3071E-02
      7,   6.0000E-10,   5.0000E-01,  -2.4497E-02
      8,   7.0000E-10,   5.0000E-01,  -2.2710E-02
      9,   8.0000E-10,   5.0000E-01,  -2.2406E-02
     10,   9.0000E-10,   5.0000E-01,  -2.2469E-02
     11,   1.0000E-09,   0.0000E+00,  -1.7335E-02

SERIES_78_6, "sAP 1ms", 16-Nov-2021, 17:40:09.522, 00:04:04.289,  ""
EPC10, C-Clamp,  1.6257E-11
Sweep #,     Ampl2[A],     AP count,     Vrest[V]
      1,   0.0000E+00,   0.0000E+00,  -2.2602E-02
      2,   1.0000E-10,   0.0000E+00,  -2.2950E-02
      3,   2.0000E-10,   0.0000E+00,  -2.1957E-02
      4,   3.0000E-10,   1.0000E+00,  -2.2678E-02
      5,   4.0000E-10,   1.0000E+00,  -2.0590E-02
      6,   5.0000E-10,   1.0000E+00,  -2.1701E-02
      7,   6.0000E-10,   1.0000E+00,  -2.1631E-02
      8,   7.0000E-10,   1.0000E+00,  -2.2078E-02
      9,   8.0000E-10,   1.0000E+00,  -2.2287E-02
     10,   9.0000E-10,   5.0000E-01,  -2.0752E-02
     11,   1.0000E-09,   1.0000E+00,  -2.1927E-02
     12,   1.1000E-09,   5.0000E-01,  -2.1537E-02
     13,   1.2000E-09,   1.0000E+00,  -2.3523E-02
     14,   1.3000E-09,   5.0000E-01,  -2.2258E-02
     15,   1.4000E-09,   5.0000E-01,  -2.2266E-02
     16,   1.5000E-09,   5.0000E-01,  -2.1708E-02
     17,   1.6000E-09,   5.0000E-01,  -2.2200E-02
     18,   1.7000E-09,   5.0000E-01,  -2.1828E-02
     19,   1.8000E-09,   5.0000E-01,  -2.2023E-02
     20,   1.9000E-09,   5.0000E-01,  -2.1708E-02
     21,   2.0000E-09,   5.0000E-01,  -2.2177E-02
     22,   2.1000E-09,   5.0000E-01,  -1.9970E-02
     23,   2.2000E-09,   5.0000E-01,  -2.0902E-02
     24,   2.3000E-09,   5.0000E-01,  -2.1394E-02
     25,   2.4000E-09,   5.0000E-01,  -2.2021E-02
     26,   2.5000E-09,   5.0000E-01,  -2.1192E-02
     27,   2.6000E-09,   5.0000E-01,  -2.0847E-02
     28,   2.7000E-09,   5.0000E-01,  -2.0042E-02
     29,   2.8000E-09,   5.0000E-01,  -2.1528E-02
     30,   2.9000E-09,   5.0000E-01,  -2.0685E-02

SERIES_78_7, "input2", 16-Nov-2021, 17:41:23.966, 00:05:18.733,  ""
EPC10, C-Clamp,  1.6257E-11
Sweep #,     Ampl2[A],      input R
      1,   0.0000E+00,          INF
      2,  -5.0000E-11,   7.4938E+08
      3,  -1.0000E-10,   5.5219E+08

SERIES_78_8, "CC3", 16-Nov-2021, 17:41:53.178, 00:05:47.945,  ""
EPC10, C-Clamp,  1.6257E-11
Sweep #,     Ampl2[A],     AP count,     Vrest[V]
      1,  -8.2000E-11,   0.0000E+00,  -4.2033E-02
      2,   1.8000E-11,   0.0000E+00,  -3.9364E-02
      3,   1.1800E-10,   2.5000E+00,  -4.1824E-02
      4,   2.1800E-10,   1.5000E+00,  -4.0587E-02
      5,   3.1800E-10,   5.0000E-01,  -3.9992E-02
      6,   4.1800E-10,   5.0000E-01,  -4.2538E-02
      7,   5.1800E-10,   5.0000E-01,  -4.0185E-02
      8,   6.1800E-10,   5.0000E-01,  -3.8260E-02

SERIES_78_9, "tivPPbefore", 16-Nov-2021, 17:42:31.805, 00:06:26.572,  ""
EPC10, V-Clamp,  1.5442E-11
Sweep #,     Ampl3[V],  peak - init,       Max[A]
      1,  -1.0000E-01,  -1.6939E-10,   6.8731E-11
      2,  -9.5000E-02,  -1.8538E-10,   3.1012E-11
      3,  -9.0000E-02,  -1.8806E-10,  -2.0974E-11
      4,  -8.5000E-02,  -2.0751E-10,   2.6895E-11
      5,  -8.0000E-02,  -9.7914E-11,   1.2557E-10
      6,  -7.5000E-02,  -2.2647E-11,   1.5121E-10
      7,  -7.0000E-02,  -2.3963E-11,   2.3700E-10
      8,  -6.5000E-02,  -2.3369E-11,   6.1158E-10
      9,  -6.0000E-02,  -1.0227E-10,   2.9714E-10
     10,  -5.5000E-02,  -1.6284E-10,   3.3548E-10
     11,  -5.0000E-02,  -9.4700E-10,   3.2431E-10
     12,  -4.5000E-02,  -1.6965E-10,   1.7067E-09
     13,  -4.0000E-02,  -1.2894E-10,   4.0549E-09
     14,  -3.5000E-02,  -3.3091E-10,   9.2888E-10
     15,  -3.0000E-02,  -3.4990E-10,   1.0059E-09
     16,  -2.5000E-02,  -5.1583E-10,   9.9130E-10
     17,  -2.0000E-02,  -1.9758E-10,   1.9276E-09
     18,  -1.5000E-02,  -3.0914E-10,   4.1492E-09
     19,  -1.0000E-02,  -4.6579E-10,   3.7454E-09
     20,  -5.0000E-03,  -3.9253E-10,   6.2427E-09
     21,   0.0000E+00,  -9.8368E-10,   2.4033E-09
     22,   5.0000E-03,  -1.0948E-09,   2.0458E-09
     23,   1.0000E-02,  -1.2257E-09,   2.3194E-09
     24,   1.5000E-02,  -1.2407E-09,   2.7563E-09
     25,   2.0000E-02,  -1.2702E-09,   3.2830E-09
     26,   2.5000E-02,  -1.3347E-09,   3.7740E-09

SERIES_79_2, "CC", 16-Nov-2021, 17:50:04.115, 00:02:01.960,  ""
EPC10, C-Clamp,  2.9530E-11
Sweep #,     Ampl2[A],     AP count,     Vrest[V]
      1,   0.0000E+00,   0.0000E+00,  -4.0604E-02
      2,   0.0000E+00,   0.0000E+00,  -3.9675E-02
      3,   0.0000E+00,   0.0000E+00,  -3.9913E-02

SERIES_79_3, "CC2", 16-Nov-2021, 17:50:43.121, 00:02:40.966,  ""
EPC10, C-Clamp,  2.9530E-11
Sweep #,     Ampl2[A],     AP count,     Vrest[V]
      1,   0.0000E+00,   0.0000E+00,  -3.9466E-02
      2,   1.0000E-11,   0.0000E+00,  -3.9592E-02
      3,   2.0000E-11,   0.0000E+00,  -4.0031E-02
      4,   3.0000E-11,   0.0000E+00,  -3.9976E-02
      5,   4.0000E-11,   0.0000E+00,  -4.0363E-02
      6,   5.0000E-11,   0.0000E+00,  -4.0597E-02
      7,   6.0000E-11,   0.0000E+00,  -4.0718E-02
      8,   7.0000E-11,   0.0000E+00,  -4.1127E-02
      9,   8.0000E-11,   0.0000E+00,  -4.1963E-02
     10,   9.0000E-11,   0.0000E+00,  -4.2024E-02
     11,   1.0000E-10,   0.0000E+00,  -4.2132E-02

SERIES_79_4, "CC3", 16-Nov-2021, 17:51:24.558, 00:03:22.403,  ""
EPC10, C-Clamp,  2.9530E-11
Sweep #,     Ampl2[A],     AP count,     Vrest[V]
      1,   0.0000E+00,   0.0000E+00,  -3.9532E-02
      2,   1.0000E-10,   0.0000E+00,  -3.9032E-02
      3,   2.0000E-10,   3.6500E+01,  -4.1643E-02
      4,   3.0000E-10,   1.5000E+00,  -4.2635E-02
      5,   4.0000E-10,   1.5000E+00,  -4.3135E-02
      6,   5.0000E-10,   1.5000E+00,  -4.3289E-02
      7,   6.0000E-10,   2.5000E+00,  -4.3100E-02
      8,   7.0000E-10,   1.5000E+00,  -4.3035E-02
      9,   8.0000E-10,   1.5000E+00,  -4.2692E-02
     10,   9.0000E-10,   1.5000E+00,  -4.2407E-02
     11,   1.0000E-09,   5.0000E-01,  -4.2352E-02

SERIES_79_5, "sAP 1ms", 16-Nov-2021, 17:52:07.053, 00:04:04.898,  ""
EPC10, C-Clamp,  2.9530E-11
Sweep #,     Ampl2[A],     AP count,     Vrest[V]
      1,   0.0000E+00,   0.0000E+00,  -3.9176E-02
      2,   1.0000E-10,   0.0000E+00,  -3.8058E-02
      3,   2.0000E-10,   0.0000E+00,  -3.8216E-02
      4,   3.0000E-10,   0.0000E+00,  -3.7645E-02
      5,   4.0000E-10,   0.0000E+00,  -3.8367E-02
      6,   5.0000E-10,   0.0000E+00,  -3.7664E-02
      7,   6.0000E-10,   0.0000E+00,  -3.7705E-02
      8,   7.0000E-10,   0.0000E+00,  -3.8085E-02
      9,   8.0000E-10,   0.0000E+00,  -3.7477E-02
     10,   9.0000E-10,   1.0000E+00,  -3.7621E-02
     11,   1.0000E-09,   1.0000E+00,  -3.8170E-02
     12,   1.1000E-09,   1.0000E+00,  -3.7727E-02
     13,   1.2000E-09,   1.0000E+00,  -3.8137E-02
     14,   1.3000E-09,   1.0000E+00,  -3.7231E-02
     15,   1.4000E-09,   1.0000E+00,  -3.8270E-02
     16,   1.5000E-09,   1.0000E+00,  -3.8054E-02
     17,   1.6000E-09,   1.0000E+00,  -3.6706E-02
     18,   1.7000E-09,   1.0000E+00,  -3.7009E-02
     19,   1.8000E-09,   1.0000E+00,  -3.7171E-02
     20,   1.9000E-09,   1.0000E+00,  -3.7141E-02
     21,   2.0000E-09,   1.0000E+00,  -3.6501E-02
     22,   2.1000E-09,   1.0000E+00,  -3.6702E-02
     23,   2.2000E-09,   1.0000E+00,  -3.7691E-02
     24,   2.3000E-09,   1.0000E+00,  -3.6931E-02
     25,   2.4000E-09,   1.0000E+00,  -3.7784E-02
     26,   2.5000E-09,   1.0000E+00,  -3.7144E-02
     27,   2.6000E-09,   1.0000E+00,  -3.7548E-02
     28,   2.7000E-09,   1.0000E+00,  -3.7460E-02
     29,   2.8000E-09,   1.0000E+00,  -3.7746E-02
     30,   2.9000E-09,   1.0000E+00,  -3.7650E-02

SERIES_79_6, "input2", 16-Nov-2021, 17:53:21.496, 00:05:19.341,  ""
EPC10, C-Clamp,  2.9530E-11
Sweep #,     Ampl2[A],      input R
      1,   0.0000E+00,          INF
      2,  -5.0000E-11,   1.1744E+09
      3,  -1.0000E-10,   1.0362E+09

SERIES_79_7, "tivPPbefore", 16-Nov-2021, 17:53:42.008, 00:05:39.853,  ""
EPC10, V-Clamp,  2.7218E-11
Sweep #,     Ampl3[V],  peak - init,       Max[A]
      1,  -1.0000E-01,  -2.0473E-10,   1.8913E-10
      2,  -9.5000E-02,  -1.6642E-10,   1.5466E-10
      3,  -9.0000E-02,  -1.0986E-10,   1.1166E-10
      4,  -8.5000E-02,  -5.7340E-11,   6.7743E-11
      5,  -8.0000E-02,  -5.0247E-11,   3.9267E-11
      6,  -7.5000E-02,  -6.1519E-11,   6.6874E-11
      7,  -7.0000E-02,  -9.3400E-11,   1.2502E-10
      8,  -6.5000E-02,  -1.6898E-10,   1.6435E-10
      9,  -6.0000E-02,  -2.2325E-10,   2.1939E-10
     10,  -5.5000E-02,  -2.7481E-10,   2.7182E-10
     11,  -5.0000E-02,  -3.3081E-10,   3.3814E-10
     12,  -4.5000E-02,  -3.8541E-10,   4.3563E-10
     13,  -4.0000E-02,  -3.6826E-10,   4.7773E-10
     14,  -3.5000E-02,  -4.0989E-10,   5.2525E-10
     15,  -3.0000E-02,  -4.6641E-10,   7.3535E-10
     16,  -2.5000E-02,  -4.7443E-10,   1.0720E-09
     17,  -2.0000E-02,  -5.1436E-10,   1.4489E-09
     18,  -1.5000E-02,  -5.6871E-10,   1.8540E-09
     19,  -1.0000E-02,  -5.4338E-10,   2.2422E-09
     20,  -5.0000E-03,  -5.1838E-10,   2.5378E-09
     21,   0.0000E+00,  -5.3401E-10,   2.7845E-09
     22,   5.0000E-03,  -9.6341E-10,   3.1832E-09
     23,   1.0000E-02,  -1.6251E-09,   3.6262E-09
     24,   1.5000E-02,  -2.0904E-09,   4.2994E-09
     25,   2.0000E-02,  -2.3621E-09,   4.8354E-09
     26,   2.5000E-02,  -2.3171E-09,   5.5272E-09
