18-Nov-2021 11:28:15


SERIES_1_2, "CC", 22-Sep-2021, 15:41:32.427, 00:01:57.569,  ""
EPC10, C-Clamp,  3.8911E-11
Sweep #,     Ampl2[A],     AP count,     Vrest[V]
      1,   0.0000E+00,   0.0000E+00,  -5.0088E-02
      2,   0.0000E+00,   0.0000E+00,  -5.0201E-02
      3,   0.0000E+00,   0.0000E+00,  -5.0276E-02

SERIES_1_3, "CC2", 22-Sep-2021, 15:42:11.433, 00:02:36.575,  ""
EPC10, C-Clamp,  3.8911E-11
Sweep #,     Ampl2[A],     AP count,     Vrest[V]
      1,   0.0000E+00,   0.0000E+00,  -5.0640E-02
      2,   1.0000E-11,   0.0000E+00,  -5.1287E-02
      3,   2.0000E-11,   0.0000E+00,  -5.1413E-02
      4,   3.0000E-11,   0.0000E+00,  -5.1745E-02
      5,   4.0000E-11,   0.0000E+00,  -5.1801E-02
      6,   5.0000E-11,   0.0000E+00,  -5.2429E-02
      7,   6.0000E-11,   0.0000E+00,  -5.2104E-02
      8,   7.0000E-11,   0.0000E+00,  -5.3079E-02
      9,   8.0000E-11,   0.0000E+00,  -5.3256E-02
     10,   9.0000E-11,   0.0000E+00,  -5.3166E-02
     11,   1.0000E-10,   0.0000E+00,  -5.3325E-02

SERIES_1_4, "CC3", 22-Sep-2021, 15:42:52.933, 00:03:18.075,  ""
EPC10, C-Clamp,  3.8911E-11
Sweep #,     Ampl2[A],     AP count,     Vrest[V]
      1,   0.0000E+00,   0.0000E+00,  -5.3216E-02
      2,   1.0000E-10,   0.0000E+00,  -5.3484E-02
      3,   2.0000E-10,   1.0000E+00,  -5.4804E-02
      4,   3.0000E-10,   1.0000E+00,  -5.5129E-02
      5,   4.0000E-10,   1.0000E+00,  -5.5660E-02
      6,   5.0000E-10,   1.0000E+00,  -5.5970E-02
      7,   6.0000E-10,   1.0000E+00,  -5.6198E-02
      8,   7.0000E-10,   1.0000E+00,  -5.6567E-02
      9,   8.0000E-10,   1.0000E+00,  -5.6979E-02
     10,   9.0000E-10,   1.0000E+00,  -5.6949E-02
     11,   1.0000E-09,   1.0000E+00,  -5.7191E-02

SERIES_1_5, "sAP 1ms", 22-Sep-2021, 15:43:35.366, 00:04:00.508,  ""
EPC10, C-Clamp,  3.8911E-11
Sweep #,     Ampl2[A],     AP count,     Vrest[V]
      1,   0.0000E+00,   0.0000E+00,  -5.5024E-02
      2,   1.0000E-10,   0.0000E+00,  -5.3988E-02
      3,   2.0000E-10,   0.0000E+00,  -5.4318E-02
      4,   3.0000E-10,   0.0000E+00,  -5.4753E-02
      5,   4.0000E-10,   0.0000E+00,  -5.4642E-02
      6,   5.0000E-10,   0.0000E+00,  -5.3866E-02
      7,   6.0000E-10,   0.0000E+00,  -5.4967E-02
      8,   7.0000E-10,   0.0000E+00,  -5.4485E-02
      9,   8.0000E-10,   0.0000E+00,  -5.4700E-02
     10,   9.0000E-10,   0.0000E+00,  -5.4586E-02
     11,   1.0000E-09,   0.0000E+00,  -5.4348E-02
     12,   1.1000E-09,   1.0000E+00,  -5.2386E-02
     13,   1.2000E-09,   1.0000E+00,  -5.4877E-02
     14,   1.3000E-09,   1.0000E+00,  -5.4717E-02
     15,   1.4000E-09,   1.0000E+00,  -5.4941E-02
     16,   1.5000E-09,   1.0000E+00,  -5.5516E-02
     17,   1.6000E-09,   1.0000E+00,  -5.5384E-02
     18,   1.7000E-09,   1.0000E+00,  -5.5048E-02
     19,   1.8000E-09,   1.0000E+00,  -5.5627E-02
     20,   1.9000E-09,   1.0000E+00,  -5.5994E-02
     21,   2.0000E-09,   1.0000E+00,  -5.5956E-02
     22,   2.1000E-09,   1.0000E+00,  -5.5886E-02
     23,   2.2000E-09,   1.0000E+00,  -5.5356E-02
     24,   2.3000E-09,   1.0000E+00,  -5.4840E-02
     25,   2.4000E-09,   1.0000E+00,  -5.5148E-02
     26,   2.5000E-09,   1.0000E+00,  -5.5874E-02
     27,   2.6000E-09,   1.0000E+00,  -5.5848E-02
     28,   2.7000E-09,   1.0000E+00,  -5.6047E-02
     29,   2.8000E-09,   1.0000E+00,  -5.5783E-02
     30,   2.9000E-09,   1.0000E+00,  -5.5325E-02

SERIES_1_6, "input2", 22-Sep-2021, 15:44:49.747, 00:05:14.889,  ""
EPC10, C-Clamp,  3.8911E-11
Sweep #,     Ampl2[A],      input R
      1,   0.0000E+00,          INF
      2,  -5.0000E-11,   1.4838E+09
      3,  -1.0000E-10,   1.1634E+09

SERIES_1_7, "tivPPbefore", 22-Sep-2021, 15:45:13.929, 00:05:39.071,  ""
EPC10, V-Clamp,  3.5690E-11
Sweep #,     Ampl3[V],  peak - init,       Max[A]
      1,  -1.0000E-01,  -1.3119E-10,   2.2699E-10
      2,  -9.5000E-02,  -9.0795E-11,   1.4345E-10
      3,  -9.0000E-02,  -6.4795E-11,   7.6475E-11
      4,  -8.5000E-02,  -3.6292E-11,   4.8184E-11
      5,  -8.0000E-02,  -1.9861E-11,   3.8245E-11
      6,  -7.5000E-02,  -4.3850E-11,   4.6785E-11
      7,  -7.0000E-02,  -7.3487E-11,   6.0290E-11
      8,  -6.5000E-02,  -1.4267E-10,   1.0070E-10
      9,  -6.0000E-02,  -1.3663E-10,   1.4354E-10
     10,  -5.5000E-02,  -1.5809E-10,   2.0019E-10
     11,  -5.0000E-02,  -2.2229E-10,   2.6945E-10
     12,  -4.5000E-02,  -2.1484E-10,   4.1439E-10
     13,  -4.0000E-02,  -3.7399E-10,   8.1230E-10
     14,  -3.5000E-02,  -2.7169E-10,   1.4895E-09
     15,  -3.0000E-02,  -2.3158E-10,   2.4644E-09
     16,  -2.5000E-02,  -8.4548E-10,   3.6066E-09
     17,  -2.0000E-02,  -2.3152E-08,   5.5814E-09
     18,  -1.5000E-02,  -2.1935E-08,   6.2893E-09
     19,  -1.0000E-02,  -2.1147E-08,   7.4344E-09
     20,  -5.0000E-03,  -1.9634E-08,   8.5450E-09
     21,   0.0000E+00,  -1.8453E-08,   9.7442E-09
     22,   5.0000E-03,  -1.7279E-08,   1.1212E-08
     23,   1.0000E-02,  -1.5796E-08,   1.2469E-08
     24,   1.5000E-02,  -1.3665E-08,   1.3457E-08
     25,   2.0000E-02,  -1.1393E-08,   1.4396E-08
     26,   2.5000E-02,  -1.0554E-08,   1.6212E-08

SERIES_2_2, "CC", 22-Sep-2021, 15:51:32.489, 00:02:38.694,  ""
EPC10, C-Clamp,  3.8221E-11
Sweep #,     Ampl2[A],     AP count,     Vrest[V]
      1,   0.0000E+00,   0.0000E+00,  -3.8117E-02
      2,   0.0000E+00,   0.0000E+00,  -3.6811E-02
      3,   0.0000E+00,   0.0000E+00,  -3.8250E-02

SERIES_2_3, "CC2", 22-Sep-2021, 15:52:11.496, 00:03:17.700,  ""
EPC10, C-Clamp,  3.8221E-11
Sweep #,     Ampl2[A],     AP count,     Vrest[V]
      1,   0.0000E+00,   0.0000E+00,  -3.8914E-02
      2,   1.0000E-11,   0.0000E+00,  -3.9140E-02
      3,   2.0000E-11,   0.0000E+00,  -3.8728E-02
      4,   3.0000E-11,   0.0000E+00,  -3.8657E-02
      5,   4.0000E-11,   0.0000E+00,  -3.8862E-02
      6,   5.0000E-11,   0.0000E+00,  -3.8915E-02
      7,   6.0000E-11,   0.0000E+00,  -3.9816E-02
      8,   7.0000E-11,   0.0000E+00,  -4.1005E-02
      9,   8.0000E-11,   1.0000E+00,  -4.1649E-02
     10,   9.0000E-11,   0.0000E+00,  -4.3305E-02
     11,   1.0000E-10,   0.0000E+00,  -4.3247E-02

SERIES_2_4, "CC3", 22-Sep-2021, 15:52:53.121, 00:03:59.325,  ""
EPC10, C-Clamp,  3.8221E-11
Sweep #,     Ampl2[A],     AP count,     Vrest[V]
      1,   0.0000E+00,   0.0000E+00,  -4.1734E-02
      2,   1.0000E-10,   1.0000E+00,  -4.0801E-02
      3,   2.0000E-10,   2.1000E+01,  -4.2873E-02
      4,   3.0000E-10,   2.9000E+01,  -4.3842E-02
      5,   4.0000E-10,   4.0000E+01,  -4.3361E-02
      6,   5.0000E-10,   3.9000E+01,  -4.5165E-02
      7,   6.0000E-10,   4.7000E+01,  -4.2928E-02
      8,   7.0000E-10,   4.6500E+01,  -4.3614E-02
      9,   8.0000E-10,   4.6500E+01,  -4.2730E-02
     10,   9.0000E-10,   3.1500E+01,  -4.2464E-02
     11,   1.0000E-09,   1.4500E+01,  -4.3598E-02

SERIES_2_5, "sAP 1ms", 22-Sep-2021, 15:53:35.553, 00:04:41.757,  ""
EPC10, C-Clamp,  3.8221E-11
Sweep #,     Ampl2[A],     AP count,     Vrest[V]
      1,   0.0000E+00,   0.0000E+00,  -4.1347E-02
      2,   1.0000E-10,   0.0000E+00,  -4.1769E-02
      3,   2.0000E-10,   0.0000E+00,  -4.1560E-02
      4,   3.0000E-10,   0.0000E+00,  -4.2371E-02
      5,   4.0000E-10,   0.0000E+00,  -4.2159E-02
      6,   5.0000E-10,   0.0000E+00,  -4.2465E-02
      7,   6.0000E-10,   0.0000E+00,  -4.1983E-02
      8,   7.0000E-10,   0.0000E+00,  -4.1811E-02
      9,   8.0000E-10,   0.0000E+00,  -4.2334E-02
     10,   9.0000E-10,   0.0000E+00,  -4.1993E-02
     11,   1.0000E-09,   0.0000E+00,  -4.1988E-02
     12,   1.1000E-09,   0.0000E+00,  -4.2703E-02
     13,   1.2000E-09,   0.0000E+00,  -4.2831E-02
     14,   1.3000E-09,   0.0000E+00,  -4.2349E-02
     15,   1.4000E-09,   1.0000E+00,  -4.2210E-02
     16,   1.5000E-09,   1.0000E+00,  -4.1732E-02
     17,   1.6000E-09,   1.0000E+00,  -4.2469E-02
     18,   1.7000E-09,   1.0000E+00,  -4.2803E-02
     19,   1.8000E-09,   1.0000E+00,  -4.1554E-02
     20,   1.9000E-09,   1.0000E+00,  -4.1123E-02
     21,   2.0000E-09,   1.0000E+00,  -4.0744E-02
     22,   2.1000E-09,   1.0000E+00,  -3.9728E-02
     23,   2.2000E-09,   1.0000E+00,  -4.0915E-02
     24,   2.3000E-09,   1.0000E+00,  -4.1371E-02
     25,   2.4000E-09,   1.0000E+00,  -3.8574E-02
     26,   2.5000E-09,   1.0000E+00,  -4.0997E-02
     27,   2.6000E-09,   1.0000E+00,  -4.1617E-02
     28,   2.7000E-09,   1.0000E+00,  -4.2073E-02
     29,   2.8000E-09,   1.0000E+00,  -4.1054E-02
     30,   2.9000E-09,   1.0000E+00,  -4.1161E-02

SERIES_2_6, "input2", 22-Sep-2021, 15:54:49.933, 00:05:56.137,  ""
EPC10, C-Clamp,  3.8221E-11
Sweep #,     Ampl2[A],      input R
      1,   0.0000E+00,          INF
      2,  -5.0000E-11,   1.0975E+09
      3,  -1.0000E-10,   6.7281E+08

SERIES_2_7, "tivPPbefore", 22-Sep-2021, 15:55:22.649, 00:06:28.853,  ""
EPC10, V-Clamp,  3.7687E-11
Sweep #,     Ampl3[V],  peak - init,       Max[A]
      1,  -1.0000E-01,  -4.4275E-10,   1.2148E-10
      2,  -9.5000E-02,  -3.0478E-10,   1.0973E-10
      3,  -9.0000E-02,  -1.6248E-10,   6.2435E-11
      4,  -8.5000E-02,  -7.8285E-11,   3.8546E-11
      5,  -8.0000E-02,  -2.6284E-11,   5.6743E-11
      6,  -7.5000E-02,  -3.7737E-11,   1.1028E-10
      7,  -7.0000E-02,  -7.5448E-11,   1.8111E-10
      8,  -6.5000E-02,  -1.1066E-10,   2.4408E-10
      9,  -6.0000E-02,  -1.6570E-10,   3.3421E-10
     10,  -5.5000E-02,  -1.9165E-10,   4.0698E-10
     11,  -5.0000E-02,  -2.3008E-10,   5.2444E-10
     12,  -4.5000E-02,  -2.2575E-10,   6.1177E-10
     13,  -4.0000E-02,  -2.5224E-10,   7.5848E-10
     14,  -3.5000E-02,  -2.9336E-10,   1.0940E-09
     15,  -3.0000E-02,  -2.4350E-10,   1.5799E-09
     16,  -2.5000E-02,  -2.6836E-10,   2.1758E-09
     17,  -2.0000E-02,  -1.5698E-10,   3.1653E-09
     18,  -1.5000E-02,  -1.7065E-10,   4.4264E-09
     19,  -1.0000E-02,  -1.3294E-10,   6.0541E-09
     20,  -5.0000E-03,  -1.0006E-09,   8.0779E-09
     21,   0.0000E+00,  -7.9008E-09,   1.0377E-08
     22,   5.0000E-03,  -1.2946E-08,   1.2662E-08
     23,   1.0000E-02,  -1.4583E-08,   1.4779E-08
     24,   1.5000E-02,  -1.4212E-08,   1.7044E-08
     25,   2.0000E-02,  -1.3268E-08,   1.9641E-08
     26,   2.5000E-02,  -1.1712E-08,   2.2405E-08

SERIES_3_2, "CC", 22-Sep-2021, 16:04:37.941, 00:02:26.942,  ""
EPC10, C-Clamp,  6.7788E-11
Sweep #,     Ampl2[A],     AP count,     Vrest[V]
      1,   0.0000E+00,   0.0000E+00,  -4.8673E-02
      2,   0.0000E+00,   0.0000E+00,  -4.8942E-02
      3,   0.0000E+00,   0.0000E+00,  -4.8942E-02

SERIES_3_3, "CC2", 22-Sep-2021, 16:05:16.933, 00:03:05.934,  ""
EPC10, C-Clamp,  6.7788E-11
Sweep #,     Ampl2[A],     AP count,     Vrest[V]
      1,   0.0000E+00,   0.0000E+00,  -4.8929E-02
      2,   1.0000E-11,   0.0000E+00,  -4.9299E-02
      3,   2.0000E-11,   0.0000E+00,  -4.9105E-02
      4,   3.0000E-11,   0.0000E+00,  -4.9049E-02
      5,   4.0000E-11,   0.0000E+00,  -4.9325E-02
      6,   5.0000E-11,   0.0000E+00,  -4.9494E-02
      7,   6.0000E-11,   0.0000E+00,  -4.9884E-02
      8,   7.0000E-11,   0.0000E+00,  -5.0386E-02
      9,   8.0000E-11,   0.0000E+00,  -5.0659E-02
     10,   9.0000E-11,   0.0000E+00,  -5.0670E-02
     11,   1.0000E-10,   1.0000E+00,  -5.0928E-02

SERIES_3_4, "CC3", 22-Sep-2021, 16:05:58.433, 00:03:47.434,  ""
EPC10, C-Clamp,  6.7788E-11
Sweep #,     Ampl2[A],     AP count,     Vrest[V]
      1,   0.0000E+00,   0.0000E+00,  -4.9525E-02
      2,   1.0000E-10,   1.0000E+00,  -4.9431E-02
      3,   2.0000E-10,   1.0000E+01,  -5.0513E-02
      4,   3.0000E-10,   1.2000E+01,  -5.1396E-02
      5,   4.0000E-10,   1.1000E+01,  -5.2726E-02
      6,   5.0000E-10,   1.1000E+01,  -5.3194E-02
      7,   6.0000E-10,   1.2000E+01,  -5.3150E-02
      8,   7.0000E-10,   1.1000E+01,  -5.3509E-02
      9,   8.0000E-10,   1.1000E+01,  -5.3572E-02
     10,   9.0000E-10,   1.1000E+01,  -5.3498E-02
     11,   1.0000E-09,   1.2000E+01,  -5.3394E-02

SERIES_3_5, "sAP 1ms", 22-Sep-2021, 16:06:40.927, 00:04:29.928,  ""
EPC10, C-Clamp,  6.7788E-11
Sweep #,     Ampl2[A],     AP count,     Vrest[V]
      1,   0.0000E+00,   0.0000E+00,  -5.1163E-02
      2,   1.0000E-10,   0.0000E+00,  -5.1077E-02
      3,   2.0000E-10,   0.0000E+00,  -5.0875E-02
      4,   3.0000E-10,   0.0000E+00,  -5.0558E-02
      5,   4.0000E-10,   0.0000E+00,  -5.0832E-02
      6,   5.0000E-10,   0.0000E+00,  -5.0734E-02
      7,   6.0000E-10,   0.0000E+00,  -5.0315E-02
      8,   7.0000E-10,   0.0000E+00,  -5.0546E-02
      9,   8.0000E-10,   0.0000E+00,  -5.0046E-02
     10,   9.0000E-10,   0.0000E+00,  -5.0651E-02
     11,   1.0000E-09,   0.0000E+00,  -5.0215E-02
     12,   1.1000E-09,   0.0000E+00,  -5.0087E-02
     13,   1.2000E-09,   0.0000E+00,  -5.0090E-02
     14,   1.3000E-09,   0.0000E+00,  -4.9975E-02
     15,   1.4000E-09,   0.0000E+00,  -4.9757E-02
     16,   1.5000E-09,   0.0000E+00,  -4.9862E-02
     17,   1.6000E-09,   0.0000E+00,  -4.9612E-02
     18,   1.7000E-09,   0.0000E+00,  -4.9814E-02
     19,   1.8000E-09,   0.0000E+00,  -4.9860E-02
     20,   1.9000E-09,   0.0000E+00,  -4.9791E-02
     21,   2.0000E-09,   0.0000E+00,  -5.0030E-02
     22,   2.1000E-09,   0.0000E+00,  -5.0185E-02
     23,   2.2000E-09,   0.0000E+00,  -5.0285E-02
     24,   2.3000E-09,   1.0000E+00,  -5.0201E-02
     25,   2.4000E-09,   1.0000E+00,  -5.0386E-02
     26,   2.5000E-09,   1.0000E+00,  -5.0384E-02
     27,   2.6000E-09,   1.0000E+00,  -5.0804E-02
     28,   2.7000E-09,   1.0000E+00,  -5.0837E-02
     29,   2.8000E-09,   1.0000E+00,  -5.0930E-02
     30,   2.9000E-09,   1.0000E+00,  -5.1172E-02

SERIES_3_6, "input2", 22-Sep-2021, 16:07:55.308, 00:05:44.309,  ""
EPC10, C-Clamp,  6.7788E-11
Sweep #,     Ampl2[A],      input R
      1,   0.0000E+00,          INF
      2,  -5.0000E-11,   1.2681E+09
      3,  -1.0000E-10,   8.1531E+08

SERIES_3_7, "tivPPbefore", 22-Sep-2021, 16:08:25.759, 00:06:14.761,  ""
EPC10, V-Clamp,  6.9092E-11
Sweep #,     Ampl3[V],  peak - init,       Max[A]
      1,  -1.0000E-01,  -3.1654E-09,   3.6886E-09
      2,  -9.5000E-02,  -2.3306E-09,   2.6874E-09
      3,  -9.0000E-02,  -1.5671E-09,   1.8094E-09
      4,  -8.5000E-02,  -7.6688E-10,   9.0144E-10
      5,  -8.0000E-02,  -2.8322E-11,   4.5473E-11
      6,  -7.5000E-02,  -8.6910E-10,   7.6750E-10
      7,  -7.0000E-02,  -1.6996E-09,   1.5088E-09
      8,  -6.5000E-02,  -2.5153E-09,   2.2582E-09
      9,  -6.0000E-02,  -3.3582E-09,   3.0313E-09
     10,  -5.5000E-02,  -4.3231E-09,   3.9085E-09
     11,  -5.0000E-02,  -5.1647E-09,   4.6847E-09
     12,  -4.5000E-02,  -6.4204E-09,   5.9293E-09
     13,  -4.0000E-02,  -7.2767E-09,   6.7599E-09
     14,  -3.5000E-02,  -8.1844E-09,   7.6144E-09
     15,  -3.0000E-02,  -9.1342E-09,   8.4317E-09
     16,  -2.5000E-02,  -1.0172E-08,   9.2523E-09
     17,  -2.0000E-02,  -1.1720E-08,   1.0262E-08
     18,  -1.5000E-02,  -3.0950E-08,   1.1023E-08
     19,  -1.0000E-02,  -2.9023E-08,   1.1601E-08
     20,  -5.0000E-03,  -2.7617E-08,   1.3514E-08
     21,   0.0000E+00,  -2.5115E-08,   1.4235E-08
     22,   5.0000E-03,  -2.2713E-08,   1.4948E-08
     23,   1.0000E-02,  -2.0337E-08,   1.5402E-08
     24,   1.5000E-02,  -1.8010E-08,   1.6613E-08
     25,   2.0000E-02,  -1.5954E-08,   1.8197E-08
     26,   2.5000E-02,  -1.4284E-08,   2.0236E-08

SERIES_4_2, "CC", 22-Sep-2021, 16:30:32.631, 00:02:31.727,  ""
EPC10, C-Clamp,  2.4276E-11
Sweep #,     Ampl2[A],     AP count,     Vrest[V]
      1,   0.0000E+00,   0.0000E+00,  -4.4754E-02
      2,   0.0000E+00,   0.0000E+00,  -4.4894E-02
      3,   0.0000E+00,   0.0000E+00,  -4.5135E-02

SERIES_4_3, "CC2", 22-Sep-2021, 16:31:11.621, 00:03:10.716,  ""
EPC10, C-Clamp,  2.4276E-11
Sweep #,     Ampl2[A],     AP count,     Vrest[V]
      1,   0.0000E+00,   0.0000E+00,  -4.4958E-02
      2,   1.0000E-11,   0.0000E+00,  -4.4572E-02
      3,   2.0000E-11,   0.0000E+00,  -4.4770E-02
      4,   3.0000E-11,   0.0000E+00,  -4.5413E-02
      5,   4.0000E-11,   0.0000E+00,  -4.5819E-02
      6,   5.0000E-11,   0.0000E+00,  -4.7187E-02
      7,   6.0000E-11,   1.0000E+00,  -4.7481E-02
      8,   7.0000E-11,   2.0000E+00,  -4.7786E-02
      9,   8.0000E-11,   4.0000E+00,  -4.8314E-02
     10,   9.0000E-11,   4.5000E+00,  -4.8968E-02
     11,   1.0000E-10,   7.0000E+00,  -4.9267E-02

SERIES_4_4, "CC3", 22-Sep-2021, 16:31:53.121, 00:03:52.216,  ""
EPC10, C-Clamp,  2.4276E-11
Sweep #,     Ampl2[A],     AP count,     Vrest[V]
      1,   0.0000E+00,   0.0000E+00,  -4.7368E-02
      2,   1.0000E-10,   7.0000E+00,  -4.6759E-02
      3,   2.0000E-10,   2.5000E+01,  -4.9509E-02
      4,   3.0000E-10,   2.9500E+01,  -5.1843E-02
      5,   4.0000E-10,   1.2500E+01,  -5.3026E-02
      6,   5.0000E-10,   4.5000E+00,  -5.3757E-02
      7,   6.0000E-10,   1.5000E+00,  -5.3839E-02
      8,   7.0000E-10,   1.5000E+00,  -5.3907E-02
      9,   8.0000E-10,   1.5000E+00,  -5.3365E-02
     10,   9.0000E-10,   5.0000E-01,  -5.3337E-02
     11,   1.0000E-09,   5.0000E-01,  -5.3374E-02

SERIES_4_5, "sAP 1ms", 22-Sep-2021, 16:32:35.553, 00:04:34.648,  ""
EPC10, C-Clamp,  2.4276E-11
Sweep #,     Ampl2[A],     AP count,     Vrest[V]
      1,   0.0000E+00,   0.0000E+00,  -4.9445E-02
      2,   1.0000E-10,   0.0000E+00,  -4.9014E-02
      3,   2.0000E-10,   0.0000E+00,  -4.8438E-02
      4,   3.0000E-10,   0.0000E+00,  -4.8180E-02
      5,   4.0000E-10,   0.0000E+00,  -4.7512E-02
      6,   5.0000E-10,   0.0000E+00,  -4.7510E-02
      7,   6.0000E-10,   0.0000E+00,  -4.7374E-02
      8,   7.0000E-10,   1.0000E+00,  -4.7240E-02
      9,   8.0000E-10,   2.0000E+00,  -4.7657E-02
     10,   9.0000E-10,   2.0000E+00,  -4.7463E-02
     11,   1.0000E-09,   1.0000E+00,  -4.6709E-02
     12,   1.1000E-09,   1.0000E+00,  -4.7143E-02
     13,   1.2000E-09,   1.0000E+00,  -4.7681E-02
     14,   1.3000E-09,   1.0000E+00,  -4.7150E-02
     15,   1.4000E-09,   1.0000E+00,  -4.7083E-02
     16,   1.5000E-09,   5.0000E-01,  -4.7231E-02
     17,   1.6000E-09,   5.0000E-01,  -4.6409E-02
     18,   1.7000E-09,   5.0000E-01,  -4.6587E-02
     19,   1.8000E-09,   5.0000E-01,  -4.7463E-02
     20,   1.9000E-09,   5.0000E-01,  -4.6915E-02
     21,   2.0000E-09,   5.0000E-01,  -4.7081E-02
     22,   2.1000E-09,   5.0000E-01,  -4.6974E-02
     23,   2.2000E-09,   5.0000E-01,  -4.7383E-02
     24,   2.3000E-09,   5.0000E-01,  -4.7256E-02
     25,   2.4000E-09,   5.0000E-01,  -4.6843E-02
     26,   2.5000E-09,   5.0000E-01,  -4.7208E-02
     27,   2.6000E-09,   5.0000E-01,  -4.6950E-02
     28,   2.7000E-09,   5.0000E-01,  -4.7239E-02
     29,   2.8000E-09,   5.0000E-01,  -4.6649E-02
     30,   2.9000E-09,   5.0000E-01,  -4.7319E-02

SERIES_4_6, "input2", 22-Sep-2021, 16:33:49.933, 00:05:49.028,  ""
EPC10, C-Clamp,  2.4276E-11
Sweep #,     Ampl2[A],      input R
      1,   0.0000E+00,          INF
      2,  -5.0000E-11,   1.4219E+09
      3,  -1.0000E-10,   9.4406E+08

SERIES_4_7, "tivPPbefore", 22-Sep-2021, 16:34:57.305, 00:06:56.401,  ""
EPC10, V-Clamp,  2.6353E-11
Sweep #,     Ampl3[V],  peak - init,       Max[A]
      1,  -1.0000E-01,  -4.0948E-10,   5.0543E-11
      2,  -9.5000E-02,  -3.2828E-10,   6.0482E-11
      3,  -9.0000E-02,  -2.2903E-10,   3.9719E-11
      4,  -8.5000E-02,  -1.2324E-10,   1.7683E-11
      5,  -8.0000E-02,  -1.8778E-11,   2.0943E-11
      6,  -7.5000E-02,  -1.4703E-11,   1.2543E-10
      7,  -7.0000E-02,  -8.5120E-12,   2.3586E-10
      8,  -6.5000E-02,  -3.5054E-11,   3.3130E-10
      9,  -6.0000E-02,  -3.9465E-11,   4.2508E-10
     10,  -5.5000E-02,  -3.6447E-11,   5.3610E-10
     11,  -5.0000E-02,  -5.1459E-11,   6.3612E-10
     12,  -4.5000E-02,  -6.0590E-11,   7.2108E-10
     13,  -4.0000E-02,  -6.7658E-11,   8.9887E-10
     14,  -3.5000E-02,  -9.8662E-11,   1.0694E-09
     15,  -3.0000E-02,  -1.1267E-10,   1.2253E-09
     16,  -2.5000E-02,  -1.1774E-09,   1.4351E-09
     17,  -2.0000E-02,  -1.5012E-09,   1.5482E-09
     18,  -1.5000E-02,  -1.4583E-09,   1.5756E-09
     19,  -1.0000E-02,  -1.4187E-09,   1.7994E-09
     20,  -5.0000E-03,  -1.3065E-09,   1.7503E-09
     21,   0.0000E+00,  -1.2365E-09,   1.9671E-09
     22,   5.0000E-03,  -1.1468E-09,   2.2629E-09
     23,   1.0000E-02,  -1.0463E-09,   2.3033E-09
     24,   1.5000E-02,  -9.5348E-10,   2.5742E-09
     25,   2.0000E-02,  -8.4604E-10,   2.5740E-09
     26,   2.5000E-02,  -7.1480E-10,   2.5583E-09

SERIES_6_3, "CC", 23-Sep-2021, 15:56:35.255, 00:01:59.975,  ""
EPC10, C-Clamp,  3.1795E-11
Sweep #,     Ampl2[A],     AP count,     Vrest[V]
      1,   0.0000E+00,   1.0000E+00,  -3.2323E-02
      2,   0.0000E+00,   0.0000E+00,  -3.3259E-02
      3,   0.0000E+00,   0.0000E+00,  -3.0865E-02

SERIES_6_4, "CC2", 23-Sep-2021, 15:57:14.261, 00:02:38.981,  ""
EPC10, C-Clamp,  3.1795E-11
Sweep #,     Ampl2[A],     AP count,     Vrest[V]
      1,   0.0000E+00,   0.0000E+00,  -2.8963E-02
      2,   1.0000E-11,   2.0000E+00,  -3.1230E-02
      3,   2.0000E-11,   9.0000E+00,  -3.3877E-02
      4,   3.0000E-11,   1.2000E+01,  -3.3559E-02

SERIES_6_5, "CC2", 23-Sep-2021, 15:57:34.651, 00:02:59.371,  ""
EPC10, C-Clamp,  3.1795E-11
Sweep #,     Ampl2[A],     AP count,     Vrest[V]
      1,   0.0000E+00,   0.0000E+00,  -3.0909E-02
      2,   1.0000E-11,   0.0000E+00,  -3.1961E-02
      3,   2.0000E-11,   8.0000E+00,  -3.1395E-02
      4,   3.0000E-11,   1.2500E+01,  -3.1148E-02
      5,   4.0000E-11,   1.4000E+01,  -3.0275E-02
      6,   5.0000E-11,   1.6500E+01,  -2.8799E-02
      7,   6.0000E-11,   1.8000E+01,  -3.1596E-02
      8,   7.0000E-11,   1.8000E+01,  -2.9907E-02
      9,   8.0000E-11,   1.8000E+01,  -3.2060E-02
     10,   9.0000E-11,   1.7000E+01,  -3.1496E-02
     11,   1.0000E-10,   1.5500E+01,  -3.4027E-02

SERIES_6_6, "sAP 1ms", 23-Sep-2021, 16:00:11.256, 00:05:35.976,  ""
EPC10, C-Clamp,  3.1795E-11
Sweep #,     Ampl2[A],     AP count,     Vrest[V]
      1,   0.0000E+00,   0.0000E+00,  -2.1613E-02
      2,   1.0000E-10,   0.0000E+00,  -2.0009E-02
      3,   2.0000E-10,   0.0000E+00,  -2.0070E-02
      4,   3.0000E-10,   0.0000E+00,  -2.1676E-02
      5,   4.0000E-10,   0.0000E+00,  -2.1522E-02
      6,   5.0000E-10,   1.0000E+00,  -1.9802E-02
      7,   6.0000E-10,   1.0000E+00,  -1.9900E-02
      8,   7.0000E-10,   1.0000E+00,  -2.0680E-02
      9,   8.0000E-10,   1.0000E+00,  -2.0669E-02
     10,   9.0000E-10,   1.0000E+00,  -1.9161E-02
     11,   1.0000E-09,   1.0000E+00,  -1.9262E-02
     12,   1.1000E-09,   1.0000E+00,  -1.8891E-02
     13,   1.2000E-09,   1.0000E+00,  -1.9009E-02
     14,   1.3000E-09,   1.0000E+00,  -1.8543E-02
     15,   1.4000E-09,   1.0000E+00,  -1.8343E-02
     16,   1.5000E-09,   1.0000E+00,  -1.8416E-02
     17,   1.6000E-09,   1.0000E+00,  -1.9091E-02
     18,   1.7000E-09,   1.0000E+00,  -1.8588E-02
     19,   1.8000E-09,   5.0000E-01,  -1.7843E-02
     20,   1.9000E-09,   1.0000E+00,  -1.8080E-02
     21,   2.0000E-09,   1.0000E+00,  -1.8508E-02
     22,   2.1000E-09,   1.0000E+00,  -1.9712E-02
     23,   2.2000E-09,   1.0000E+00,  -1.8550E-02
     24,   2.3000E-09,   5.0000E-01,  -1.6960E-02
     25,   2.4000E-09,   1.0000E+00,  -1.7558E-02
     26,   2.5000E-09,   5.0000E-01,  -1.6462E-02
     27,   2.6000E-09,   5.0000E-01,  -1.7055E-02
     28,   2.7000E-09,   5.0000E-01,  -1.6215E-02
     29,   2.8000E-09,   5.0000E-01,  -1.7475E-02
     30,   2.9000E-09,   5.0000E-01,  -1.7040E-02

SERIES_6_7, "input2", 23-Sep-2021, 16:01:33.382, 00:06:58.102,  ""
EPC10, C-Clamp,  3.1795E-11
Sweep #,     Ampl2[A],      input R
      1,   0.0000E+00,          INF
      2,  -5.0000E-11,   5.5625E+08
      3,  -1.0000E-10,   3.6656E+08

SERIES_6_8, "tivPPbefore", 23-Sep-2021, 16:02:06.807, 00:07:31.527,  ""
EPC10, V-Clamp,  3.3473E-11
Sweep #,     Ampl3[V],  peak - init,       Max[A]
      1,  -1.0000E-01,  -7.5791E-10,   6.8989E-10
      2,  -9.5000E-02,  -5.7623E-10,   4.6196E-10
      3,  -9.0000E-02,  -3.8585E-10,   3.3482E-10
      4,  -8.5000E-02,  -2.1488E-10,   1.4232E-10
      5,  -8.0000E-02,  -1.5984E-11,   3.3329E-11
      6,  -7.5000E-02,  -1.4178E-10,   1.9547E-10
      7,  -7.0000E-02,  -2.8806E-10,   3.7923E-10
      8,  -6.5000E-02,  -4.1499E-10,   5.7242E-10
      9,  -6.0000E-02,  -5.5557E-10,   7.6976E-10
     10,  -5.5000E-02,  -6.9818E-10,   9.6631E-10
     11,  -5.0000E-02,  -7.8689E-10,   1.1371E-09
     12,  -4.5000E-02,  -8.9234E-10,   1.3274E-09
     13,  -4.0000E-02,  -9.5037E-10,   1.5020E-09
     14,  -3.5000E-02,  -1.0647E-09,   1.6943E-09
     15,  -3.0000E-02,  -1.1144E-09,   1.8894E-09
     16,  -2.5000E-02,  -1.2120E-09,   2.0915E-09
     17,  -2.0000E-02,  -1.3143E-09,   2.2947E-09
     18,  -1.5000E-02,  -1.3864E-09,   2.4746E-09
     19,  -1.0000E-02,  -1.4625E-09,   2.6787E-09
     20,  -5.0000E-03,  -1.5611E-09,   2.8627E-09
     21,   0.0000E+00,  -1.6479E-09,   3.0357E-09
     22,   5.0000E-03,  -1.7557E-09,   3.4361E-09
     23,   1.0000E-02,  -1.8587E-09,   4.5318E-09
     24,   1.5000E-02,  -1.9667E-09,   5.6245E-09
     25,   2.0000E-02,  -2.0671E-09,   6.7561E-09
     26,   2.5000E-02,  -2.1796E-09,   7.5204E-09

SERIES_7_2, "CC", 23-Sep-2021, 16:11:43.005, 00:02:28.960,  ""
EPC10, C-Clamp,  4.4910E-11
Sweep #,     Ampl2[A],     AP count,     Vrest[V]
      1,   0.0000E+00,   0.0000E+00,  -4.1366E-02
      2,   0.0000E+00,   0.0000E+00,  -4.1178E-02
      3,   0.0000E+00,   0.0000E+00,  -4.0924E-02

SERIES_7_3, "CC2", 23-Sep-2021, 16:12:22.011, 00:03:07.965,  ""
EPC10, C-Clamp,  4.4910E-11
Sweep #,     Ampl2[A],     AP count,     Vrest[V]
      1,   0.0000E+00,   0.0000E+00,  -4.1703E-02
      2,   1.0000E-11,   0.0000E+00,  -4.0944E-02
      3,   2.0000E-11,   0.0000E+00,  -4.1020E-02
      4,   3.0000E-11,   0.0000E+00,  -4.1387E-02
      5,   4.0000E-11,   0.0000E+00,  -4.1633E-02
      6,   5.0000E-11,   0.0000E+00,  -4.1376E-02
      7,   6.0000E-11,   0.0000E+00,  -4.1299E-02
      8,   7.0000E-11,   0.0000E+00,  -4.1199E-02
      9,   8.0000E-11,   0.0000E+00,  -4.1436E-02
     10,   9.0000E-11,   0.0000E+00,  -4.1357E-02
     11,   1.0000E-10,   0.0000E+00,  -4.1579E-02

SERIES_7_4, "CC3", 23-Sep-2021, 16:13:03.449, 00:03:49.403,  ""
EPC10, C-Clamp,  4.4910E-11
Sweep #,     Ampl2[A],     AP count,     Vrest[V]
      1,   0.0000E+00,   0.0000E+00,  -4.1272E-02
      2,   1.0000E-10,   0.0000E+00,  -4.0642E-02
      3,   2.0000E-10,   0.0000E+00,  -4.1128E-02
      4,   3.0000E-10,   0.0000E+00,  -4.0926E-02
      5,   4.0000E-10,   0.0000E+00,  -4.0593E-02
      6,   5.0000E-10,   1.0000E+00,  -4.0854E-02
      7,   6.0000E-10,   1.0000E+00,  -4.1946E-02
      8,   7.0000E-10,   1.0000E+00,  -4.0976E-02
      9,   8.0000E-10,   1.0000E+00,  -4.1350E-02
     10,   9.0000E-10,   1.0000E+00,  -4.1123E-02
     11,   1.0000E-09,   1.0000E+00,  -4.0116E-02

SERIES_7_5, "sAP 1ms", 23-Sep-2021, 16:13:45.944, 00:04:31.898,  ""
EPC10, C-Clamp,  4.4910E-11
Sweep #,     Ampl2[A],     AP count,     Vrest[V]
      1,   0.0000E+00,   0.0000E+00,  -4.1241E-02
      2,   1.0000E-10,   0.0000E+00,  -3.9540E-02
      3,   2.0000E-10,   0.0000E+00,  -3.9881E-02
      4,   3.0000E-10,   0.0000E+00,  -4.0461E-02
      5,   4.0000E-10,   0.0000E+00,  -4.0523E-02
      6,   5.0000E-10,   0.0000E+00,  -4.1520E-02
      7,   6.0000E-10,   0.0000E+00,  -4.1875E-02
      8,   7.0000E-10,   0.0000E+00,  -4.2327E-02
      9,   8.0000E-10,   0.0000E+00,  -4.0429E-02
     10,   9.0000E-10,   0.0000E+00,  -4.0508E-02
     11,   1.0000E-09,   0.0000E+00,  -4.0389E-02
     12,   1.1000E-09,   0.0000E+00,  -4.1211E-02
     13,   1.2000E-09,   0.0000E+00,  -4.1010E-02
     14,   1.3000E-09,   0.0000E+00,  -4.0791E-02
     15,   1.4000E-09,   0.0000E+00,  -4.0360E-02
     16,   1.5000E-09,   0.0000E+00,  -4.0746E-02
     17,   1.6000E-09,   0.0000E+00,  -4.0775E-02
     18,   1.7000E-09,   0.0000E+00,  -4.0559E-02
     19,   1.8000E-09,   1.0000E+00,  -4.0481E-02
     20,   1.9000E-09,   1.0000E+00,  -3.9883E-02
     21,   2.0000E-09,   1.0000E+00,  -4.0419E-02
     22,   2.1000E-09,   1.0000E+00,  -4.0263E-02
     23,   2.2000E-09,   1.0000E+00,  -3.9924E-02
     24,   2.3000E-09,   1.0000E+00,  -3.9808E-02
     25,   2.4000E-09,   1.0000E+00,  -3.9958E-02
     26,   2.5000E-09,   1.0000E+00,  -4.0639E-02
     27,   2.6000E-09,   1.0000E+00,  -4.0792E-02
     28,   2.7000E-09,   1.0000E+00,  -3.9715E-02
     29,   2.8000E-09,   1.0000E+00,  -4.1054E-02
     30,   2.9000E-09,   1.0000E+00,  -4.0447E-02

SERIES_7_6, "input2", 23-Sep-2021, 16:15:00.324, 00:05:46.278,  ""
EPC10, C-Clamp,  4.4910E-11
Sweep #,     Ampl2[A],      input R
      1,   0.0000E+00,          INF
      2,  -5.0000E-11,   9.6750E+08
      3,  -1.0000E-10,   5.7438E+08

SERIES_7_7, "tivPPbefore", 23-Sep-2021, 16:15:30.743, 00:06:16.697,  ""
EPC10, V-Clamp,  4.4355E-11
Sweep #,     Ampl3[V],  peak - init,       Max[A]
      1,  -1.0000E-01,  -3.3674E-10,   3.3273E-10
      2,  -9.5000E-02,  -2.5815E-10,   2.2807E-10
      3,  -9.0000E-02,  -1.8435E-10,   1.5401E-10
      4,  -8.5000E-02,  -9.3813E-11,   7.7042E-11
      5,  -8.0000E-02,  -2.5381E-11,   2.9445E-11
      6,  -7.5000E-02,  -7.1785E-11,   1.0642E-10
      7,  -7.0000E-02,  -1.6377E-10,   1.8489E-10
      8,  -6.5000E-02,  -2.5157E-10,   2.7879E-10
      9,  -6.0000E-02,  -3.4773E-10,   3.4861E-10
     10,  -5.5000E-02,  -4.0473E-10,   4.5757E-10
     11,  -5.0000E-02,  -4.6538E-10,   5.5013E-10
     12,  -4.5000E-02,  -5.1704E-10,   6.4655E-10
     13,  -4.0000E-02,  -5.7438E-10,   7.5508E-10
     14,  -3.5000E-02,  -6.1266E-10,   8.3325E-10
     15,  -3.0000E-02,  -6.8584E-10,   1.1953E-09
     16,  -2.5000E-02,  -7.8360E-10,   1.7672E-09
     17,  -2.0000E-02,  -9.4177E-10,   2.4797E-09
     18,  -1.5000E-02,  -9.6588E-10,   3.1255E-09
     19,  -1.0000E-02,  -1.0171E-09,   3.7914E-09
     20,  -5.0000E-03,  -9.9993E-10,   4.4199E-09
     21,   0.0000E+00,  -1.1814E-09,   5.1604E-09
     22,   5.0000E-03,  -2.5931E-09,   5.8776E-09
     23,   1.0000E-02,  -2.8183E-09,   6.5575E-09
     24,   1.5000E-02,  -2.6798E-09,   7.3511E-09
     25,   2.0000E-02,  -2.4248E-09,   8.1442E-09
     26,   2.5000E-02,  -1.9004E-09,   8.9623E-09

SERIES_8_1, "input2", 23-Sep-2021, 16:49:58.263, 00:00:17.592,  ""
EPC10, C-Clamp,  1.7757E-11
Sweep #,     Ampl2[A],      input R
      1,   0.0000E+00,          INF
      2,  -5.0000E-11,   1.3569E+09
      3,  -1.0000E-10,   9.2156E+08

SERIES_8_2, "input2", 23-Sep-2021, 16:50:34.035, 00:00:53.364,  ""
EPC10, C-Clamp,  1.7757E-11
Sweep #,     Ampl2[A],      input R
      1,   0.0000E+00,          INF
      2,  -5.0000E-11,   1.3275E+09
      3,  -1.0000E-10,   9.1063E+08

SERIES_8_3, "CC", 23-Sep-2021, 16:52:20.130, 00:02:39.460,  ""
EPC10, C-Clamp,  1.7757E-11
Sweep #,     Ampl2[A],     AP count,     Vrest[V]
      1,   0.0000E+00,   0.0000E+00,  -3.9053E-02
      2,   0.0000E+00,   0.0000E+00,  -3.8015E-02
      3,   0.0000E+00,   0.0000E+00,  -3.8598E-02

SERIES_8_4, "CC2", 23-Sep-2021, 16:52:59.074, 00:03:18.403,  ""
EPC10, C-Clamp,  1.7757E-11
Sweep #,     Ampl2[A],     AP count,     Vrest[V]
      1,   0.0000E+00,   0.0000E+00,  -3.9420E-02
      2,   1.0000E-11,   1.0000E+00,  -3.9193E-02
      3,   2.0000E-11,   2.0000E+00,  -3.9463E-02
      4,   3.0000E-11,   5.0000E+00,  -3.9525E-02
      5,   4.0000E-11,   9.0000E+00,  -4.0275E-02
      6,   5.0000E-11,   1.2000E+01,  -4.0767E-02
      7,   6.0000E-11,   1.3000E+01,  -4.1309E-02
      8,   7.0000E-11,   1.3000E+01,  -4.1748E-02
      9,   8.0000E-11,   1.4000E+01,  -4.2210E-02
     10,   9.0000E-11,   1.6000E+01,  -4.2482E-02
     11,   1.0000E-10,   1.6000E+01,  -4.2594E-02

SERIES_8_5, "CC3", 23-Sep-2021, 16:53:40.511, 00:03:59.840,  ""
EPC10, C-Clamp,  1.7757E-11
Sweep #,     Ampl2[A],     AP count,     Vrest[V]
      1,   0.0000E+00,   0.0000E+00,  -4.0530E-02
      2,   1.0000E-10,   1.8500E+01,  -4.0425E-02
      3,   2.0000E-10,   4.3500E+01,  -4.2710E-02
      4,   3.0000E-10,   1.5000E+00,  -4.3699E-02
      5,   4.0000E-10,   5.0000E-01,  -4.4525E-02
      6,   5.0000E-10,   5.0000E-01,  -4.4934E-02
      7,   6.0000E-10,   5.0000E-01,  -4.5068E-02
      8,   7.0000E-10,   5.0000E-01,  -4.5153E-02
      9,   8.0000E-10,   5.0000E-01,  -4.5676E-02
     10,   9.0000E-10,   5.0000E-01,  -4.5668E-02
     11,   1.0000E-09,   5.0000E-01,  -4.5247E-02

SERIES_8_6, "sAP 1ms", 23-Sep-2021, 16:54:22.943, 00:04:42.272,  ""
EPC10, C-Clamp,  1.7757E-11
Sweep #,     Ampl2[A],     AP count,     Vrest[V]
      1,   0.0000E+00,   0.0000E+00,  -4.1210E-02
      2,   1.0000E-10,   0.0000E+00,  -4.0630E-02
      3,   2.0000E-10,   0.0000E+00,  -4.0333E-02
      4,   3.0000E-10,   0.0000E+00,  -4.0519E-02
      5,   4.0000E-10,   0.0000E+00,  -4.0477E-02
      6,   5.0000E-10,   0.0000E+00,  -3.9561E-02
      7,   6.0000E-10,   0.0000E+00,  -3.9959E-02
      8,   7.0000E-10,   0.0000E+00,  -4.0082E-02
      9,   8.0000E-10,   2.0000E+00,  -4.0259E-02
     10,   9.0000E-10,   1.0000E+00,  -3.8803E-02
     11,   1.0000E-09,   1.0000E+00,  -3.9765E-02
     12,   1.1000E-09,   1.0000E+00,  -3.8944E-02
     13,   1.2000E-09,   1.0000E+00,  -3.9402E-02
     14,   1.3000E-09,   1.0000E+00,  -3.9931E-02
     15,   1.4000E-09,   1.0000E+00,  -3.9633E-02
     16,   1.5000E-09,   1.0000E+00,  -3.9005E-02
     17,   1.6000E-09,   1.0000E+00,  -3.9572E-02
     18,   1.7000E-09,   1.0000E+00,  -3.9242E-02
     19,   1.8000E-09,   5.0000E-01,  -3.8742E-02
     20,   1.9000E-09,   5.0000E-01,  -3.8788E-02
     21,   2.0000E-09,   5.0000E-01,  -3.9056E-02
     22,   2.1000E-09,   5.0000E-01,  -3.9104E-02
     23,   2.2000E-09,   5.0000E-01,  -3.8151E-02
     24,   2.3000E-09,   5.0000E-01,  -3.8256E-02
     25,   2.4000E-09,   5.0000E-01,  -3.8845E-02
     26,   2.5000E-09,   5.0000E-01,  -3.8507E-02
     27,   2.6000E-09,   5.0000E-01,  -3.8498E-02
     28,   2.7000E-09,   5.0000E-01,  -3.8446E-02
     29,   2.8000E-09,   5.0000E-01,  -3.8870E-02
     30,   2.9000E-09,   5.0000E-01,  -3.9311E-02

SERIES_8_7, "input2", 23-Sep-2021, 16:55:37.324, 00:05:56.653,  ""
EPC10, C-Clamp,  1.7757E-11
Sweep #,     Ampl2[A],      input R
      1,   0.0000E+00,          INF
      2,  -5.0000E-11,   1.3431E+09
      3,  -1.0000E-10,   9.2469E+08

SERIES_8_8, "tivPPbefore", 23-Sep-2021, 16:56:30.025, 00:06:49.354,  ""
EPC10, V-Clamp,  2.4608E-11
Sweep #,     Ampl3[V],  peak - init,       Max[A]
      1,  -1.0000E-01,  -3.1550E-09,   1.7711E-09
      2,  -9.5000E-02,  -3.5880E-09,   2.4573E-09
      3,  -9.0000E-02,  -2.4601E-09,   1.6910E-09
      4,  -8.5000E-02,  -1.2301E-09,   8.5199E-10
      5,  -8.0000E-02,  -8.4347E-12,   3.7657E-11
      6,  -7.5000E-02,  -8.5561E-10,   1.2533E-09
      7,  -7.0000E-02,  -1.6795E-09,   2.4806E-09
      8,  -6.5000E-02,  -2.4861E-09,   3.7055E-09
      9,  -6.0000E-02,  -3.2640E-09,   4.8995E-09
     10,  -5.5000E-02,  -4.0276E-09,   6.0971E-09
     11,  -5.0000E-02,  -4.9071E-09,   7.3374E-09
     12,  -4.5000E-02,  -5.7855E-09,   8.4716E-09
     13,  -4.0000E-02,  -6.7734E-09,   9.6383E-09
     14,  -3.5000E-02,  -7.8795E-09,   1.0793E-08
     15,  -3.0000E-02,  -8.8289E-09,   1.1940E-08
     16,  -2.5000E-02,  -9.3784E-09,   1.3041E-08
     17,  -2.0000E-02,  -9.6475E-09,   1.4146E-08
     18,  -1.5000E-02,  -9.6715E-09,   1.5357E-08
     19,  -1.0000E-02,  -9.5851E-09,   1.6692E-08
     20,  -5.0000E-03,  -9.1799E-09,   1.7978E-08
     21,   0.0000E+00,  -8.6337E-09,   1.9235E-08
     22,   5.0000E-03,  -8.0160E-09,   2.0616E-08
     23,   1.0000E-02,  -7.2522E-09,   2.1961E-08
     24,   1.5000E-02,  -6.4094E-09,   2.3324E-08
     25,   2.0000E-02,  -5.5878E-09,   2.4653E-08
     26,   2.5000E-02,  -4.6915E-09,   2.6051E-08

SERIES_9_2, "CC", 23-Sep-2021, 17:16:29.504, 00:02:30.444,  ""
EPC10, C-Clamp,  3.3370E-11
Sweep #,     Ampl2[A],     AP count,     Vrest[V]
      1,   0.0000E+00,   0.0000E+00,  -3.7417E-02
      2,   0.0000E+00,   0.0000E+00,  -3.9624E-02
      3,   0.0000E+00,   0.0000E+00,  -4.0545E-02

SERIES_9_3, "CC2", 23-Sep-2021, 17:17:08.450, 00:03:09.389,  ""
EPC10, C-Clamp,  3.3370E-11
Sweep #,     Ampl2[A],     AP count,     Vrest[V]
      1,   0.0000E+00,   0.0000E+00,  -4.0185E-02
      2,   1.0000E-11,   0.0000E+00,  -3.9513E-02
      3,   2.0000E-11,   0.0000E+00,  -4.0194E-02
      4,   3.0000E-11,   0.0000E+00,  -3.9667E-02
      5,   4.0000E-11,   0.0000E+00,  -4.0237E-02
      6,   5.0000E-11,   0.0000E+00,  -3.9823E-02
      7,   6.0000E-11,   0.0000E+00,  -3.9321E-02
      8,   7.0000E-11,   0.0000E+00,  -4.1023E-02
      9,   8.0000E-11,   0.0000E+00,  -4.0895E-02
     10,   9.0000E-11,   0.0000E+00,  -4.1456E-02
     11,   1.0000E-10,   0.0000E+00,  -4.1589E-02

SERIES_9_4, "CC3", 23-Sep-2021, 17:17:49.949, 00:03:50.888,  ""
EPC10, C-Clamp,  3.3370E-11
Sweep #,     Ampl2[A],     AP count,     Vrest[V]
      1,   0.0000E+00,   0.0000E+00,  -4.0614E-02
      2,   1.0000E-10,   0.0000E+00,  -4.2230E-02
      3,   2.0000E-10,   1.0000E+00,  -4.2401E-02
      4,   3.0000E-10,   2.3000E+01,  -4.2702E-02
      5,   4.0000E-10,   2.0500E+01,  -4.2691E-02
      6,   5.0000E-10,   3.5000E+00,  -4.3104E-02
      7,   6.0000E-10,   5.0000E-01,  -4.2892E-02
      8,   7.0000E-10,   5.0000E-01,  -4.2631E-02
      9,   8.0000E-10,   5.0000E-01,  -4.2774E-02
     10,   9.0000E-10,   5.0000E-01,  -4.3577E-02
     11,   1.0000E-09,   5.0000E-01,  -4.2355E-02

SERIES_9_5, "sAP 1ms", 23-Sep-2021, 17:18:32.631, 00:04:33.570,  ""
EPC10, C-Clamp,  3.3370E-11
Sweep #,     Ampl2[A],     AP count,     Vrest[V]
      1,   0.0000E+00,   0.0000E+00,  -4.1254E-02
      2,   1.0000E-10,   0.0000E+00,  -4.0413E-02
      3,   2.0000E-10,   0.0000E+00,  -3.9067E-02
      4,   3.0000E-10,   0.0000E+00,  -3.8484E-02
      5,   4.0000E-10,   0.0000E+00,  -4.1729E-02
      6,   5.0000E-10,   0.0000E+00,  -4.1309E-02
      7,   6.0000E-10,   0.0000E+00,  -4.1080E-02
      8,   7.0000E-10,   0.0000E+00,  -4.1218E-02
      9,   8.0000E-10,   0.0000E+00,  -4.1534E-02
     10,   9.0000E-10,   1.0000E+00,  -4.0544E-02
     11,   1.0000E-09,   1.0000E+00,  -4.0412E-02
     12,   1.1000E-09,   1.0000E+00,  -3.9845E-02
     13,   1.2000E-09,   1.0000E+00,  -4.1068E-02
     14,   1.3000E-09,   1.0000E+00,  -4.0869E-02
     15,   1.4000E-09,   1.0000E+00,  -3.8387E-02
     16,   1.5000E-09,   1.0000E+00,  -3.9869E-02
     17,   1.6000E-09,   1.0000E+00,  -3.9746E-02
     18,   1.7000E-09,   1.0000E+00,  -3.8510E-02
     19,   1.8000E-09,   5.0000E-01,  -4.0253E-02
     20,   1.9000E-09,   5.0000E-01,  -3.9198E-02
     21,   2.0000E-09,   5.0000E-01,  -4.0269E-02
     22,   2.1000E-09,   5.0000E-01,  -4.0588E-02
     23,   2.2000E-09,   5.0000E-01,  -4.1462E-02
     24,   2.3000E-09,   5.0000E-01,  -4.1536E-02
     25,   2.4000E-09,   5.0000E-01,  -4.0772E-02
     26,   2.5000E-09,   5.0000E-01,  -4.0658E-02
     27,   2.6000E-09,   5.0000E-01,  -3.8319E-02
     28,   2.7000E-09,   5.0000E-01,  -3.8146E-02
     29,   2.8000E-09,   5.0000E-01,  -4.0506E-02
     30,   2.9000E-09,   5.0000E-01,  -4.0312E-02

SERIES_9_6, "input2", 23-Sep-2021, 17:19:47.011, 00:05:47.950,  ""
EPC10, C-Clamp,  3.3370E-11
Sweep #,     Ampl2[A],      input R
      1,   0.0000E+00,          INF
      2,  -5.0000E-11,   1.1544E+09
      3,  -1.0000E-10,   7.6969E+08

SERIES_9_7, "tivPPbefore", 23-Sep-2021, 17:20:40.305, 00:06:41.244,  ""
EPC10, V-Clamp,  4.2268E-11
Sweep #,     Ampl3[V],  peak - init,       Max[A]
      1,  -1.0000E-01,  -1.6715E-10,   2.5819E-10
      2,  -9.5000E-02,  -1.4009E-10,   2.0750E-10
      3,  -9.0000E-02,  -1.0101E-10,   3.1200E-10
      4,  -8.5000E-02,  -5.4425E-11,   2.2980E-10
      5,  -8.0000E-02,  -1.0705E-11,   2.3945E-11
      6,  -7.5000E-02,  -3.1301E-10,   6.3469E-11
      7,  -7.0000E-02,  -6.6974E-10,   1.1098E-10
      8,  -6.5000E-02,  -1.0925E-09,   1.5808E-10
      9,  -6.0000E-02,  -1.6397E-09,   2.2028E-10
     10,  -5.5000E-02,  -2.1972E-09,   2.6519E-10
     11,  -5.0000E-02,  -2.6420E-09,   3.2280E-10
     12,  -4.5000E-02,  -2.8942E-09,   3.9180E-10
     13,  -4.0000E-02,  -2.5792E-09,   6.6062E-09
     14,  -3.5000E-02,  -3.1010E-09,   7.7932E-09
     15,  -3.0000E-02,  -3.3649E-09,   8.4655E-09
     16,  -2.5000E-02,  -3.6377E-09,   9.1850E-09
     17,  -2.0000E-02,  -3.9736E-09,   9.8258E-09
     18,  -1.5000E-02,  -2.6583E-09,   1.0872E-08
     19,  -1.0000E-02,  -3.9220E-09,   1.1158E-08
     20,  -5.0000E-03,  -4.5914E-09,   1.1582E-08
     21,   0.0000E+00,  -4.6436E-09,   1.2435E-08
     22,   5.0000E-03,  -4.6585E-09,   1.3237E-08
     23,   1.0000E-02,  -4.7998E-09,   1.3880E-08
     24,   1.5000E-02,  -4.7317E-09,   1.4721E-08
     25,   2.0000E-02,  -4.5555E-09,   1.5383E-08
     26,   2.5000E-02,  -4.3990E-09,   1.6052E-08

SERIES_11_2, "CC", 09-Nov-2021, 12:43:00.974, 00:01:57.381,  ""
EPC10, C-Clamp,  3.2078E-11
Sweep #,     Ampl2[A],     AP count,     Vrest[V]
      1,   0.0000E+00,   1.0000E+00,  -3.9908E-02
      2,   0.0000E+00,   1.0000E+01,  -3.8159E-02
      3,   0.0000E+00,   1.1000E+01,  -3.6319E-02

SERIES_11_3, "CC2", 09-Nov-2021, 12:43:39.980, 00:02:36.387,  ""
EPC10, C-Clamp,  3.2078E-11
Sweep #,     Ampl2[A],     AP count,     Vrest[V]
      1,   0.0000E+00,   1.0500E+01,  -3.4583E-02
      2,   1.0000E-11,   1.5000E+01,  -3.4859E-02

SERIES_11_4, "input2", 09-Nov-2021, 12:43:48.817, 00:02:45.224,  ""
EPC10, C-Clamp,  3.2078E-11
Sweep #,     Ampl2[A],      input R
      1,   0.0000E+00,          INF
      2,  -5.0000E-11,   1.1844E+09
      3,  -1.0000E-10,   1.0241E+09

SERIES_11_5, "CC2", 09-Nov-2021, 12:44:00.281, 00:02:56.688,  ""
EPC10, C-Clamp,  3.2078E-11
Sweep #,     Ampl2[A],     AP count,     Vrest[V]
      1,   0.0000E+00,   0.0000E+00,  -4.4895E-02
      2,   1.0000E-11,   0.0000E+00,  -4.2744E-02
      3,   2.0000E-11,   1.0000E+00,  -4.1942E-02
      4,   3.0000E-11,   8.0000E+00,  -4.1150E-02
      5,   4.0000E-11,   1.1000E+01,  -4.1314E-02
      6,   5.0000E-11,   1.6500E+01,  -4.1505E-02
      7,   6.0000E-11,   2.1000E+01,  -4.0609E-02
      8,   7.0000E-11,   2.3000E+01,  -4.0647E-02
      9,   8.0000E-11,   2.5000E+01,  -4.1567E-02
     10,   9.0000E-11,   2.5000E+01,  -4.1566E-02
     11,   1.0000E-10,   2.5000E+01,  -4.1799E-02

SERIES_11_6, "CC3", 09-Nov-2021, 12:44:51.096, 00:03:47.503,  ""
EPC10, C-Clamp,  3.2078E-11
Sweep #,     Ampl2[A],     AP count,     Vrest[V]
      1,   0.0000E+00,   1.0000E+00,  -3.6272E-02
      2,   1.0000E-10,   3.2500E+01,  -3.6559E-02
      3,   2.0000E-10,   3.1000E+01,  -3.9653E-02
      4,   3.0000E-10,   2.0500E+01,  -4.2001E-02
      5,   4.0000E-10,   6.2500E+01,  -4.2952E-02
      6,   5.0000E-10,   8.2500E+01,  -4.3880E-02
      7,   6.0000E-10,   3.2500E+01,  -4.4370E-02
      8,   7.0000E-10,   1.5000E+00,  -4.4112E-02
      9,   8.0000E-10,   1.5000E+00,  -4.4648E-02
     10,   9.0000E-10,   5.0000E-01,  -4.4674E-02
     11,   1.0000E-09,   5.0000E-01,  -4.4681E-02

SERIES_11_7, "sAP 1ms", 09-Nov-2021, 12:45:34.850, 00:04:31.257,  ""
EPC10, C-Clamp,  3.2078E-11
Sweep #,     Ampl2[A],     AP count,     Vrest[V]
      1,   0.0000E+00,   0.0000E+00,  -3.8966E-02
      2,   1.0000E-10,   0.0000E+00,  -3.7767E-02
      3,   2.0000E-10,   0.0000E+00,  -3.7991E-02
      4,   3.0000E-10,   0.0000E+00,  -3.8529E-02
      5,   4.0000E-10,   0.0000E+00,  -3.7776E-02
      6,   5.0000E-10,   0.0000E+00,  -3.7704E-02
      7,   6.0000E-10,   1.0000E+00,  -3.7987E-02
      8,   7.0000E-10,   1.0000E+00,  -3.7826E-02
      9,   8.0000E-10,   1.0000E+00,  -3.8251E-02
     10,   9.0000E-10,   1.0000E+00,  -3.7374E-02
     11,   1.0000E-09,   1.0000E+00,  -3.6501E-02
     12,   1.1000E-09,   1.0000E+00,  -3.6579E-02
     13,   1.2000E-09,   1.0000E+00,  -3.7610E-02
     14,   1.3000E-09,   1.0000E+00,  -3.4983E-02
     15,   1.4000E-09,   1.0000E+00,  -3.7414E-02
     16,   1.5000E-09,   1.0000E+00,  -3.4825E-02
     17,   1.6000E-09,   1.0000E+00,  -3.5882E-02
     18,   1.7000E-09,   1.0000E+00,  -3.6675E-02
     19,   1.8000E-09,   1.0000E+00,  -3.4463E-02
     20,   1.9000E-09,   1.0000E+00,  -3.4342E-02
     21,   2.0000E-09,   1.0000E+00,  -3.5368E-02
     22,   2.1000E-09,   1.0000E+00,  -3.5058E-02
     23,   2.2000E-09,   1.0000E+00,  -3.5489E-02
     24,   2.3000E-09,   1.0000E+00,  -3.3629E-02
     25,   2.4000E-09,   1.0000E+00,  -3.2579E-02
     26,   2.5000E-09,   5.0000E-01,  -3.2017E-02
     27,   2.6000E-09,   1.0000E+00,  -3.4858E-02
     28,   2.7000E-09,   5.0000E-01,  -3.3884E-02
     29,   2.8000E-09,   5.0000E-01,  -3.5109E-02
     30,   2.9000E-09,   5.0000E-01,  -3.4989E-02

SERIES_11_8, "input2", 09-Nov-2021, 12:46:47.361, 00:05:43.768,  ""
EPC10, C-Clamp,  3.2078E-11
Sweep #,     Ampl2[A],      input R
      1,   0.0000E+00,          INF
      2,  -5.0000E-11,   1.1894E+09
      3,  -1.0000E-10,   1.0481E+09

SERIES_11_9, "tivPPbefore", 09-Nov-2021, 12:47:08.243, 00:06:04.650,  ""
EPC10, V-Clamp,  3.1151E-11
Sweep #,     Ampl3[V],  peak - init,       Max[A]
      1,  -1.0000E-01,  -5.8295E-11,   1.0157E-10
      2,  -9.5000E-02,  -5.2697E-11,   8.8918E-11
      3,  -9.0000E-02,  -4.2612E-11,   4.6182E-11
      4,  -8.5000E-02,  -3.7762E-11,   1.2675E-11
      5,  -8.0000E-02,  -2.3963E-11,   2.4001E-11
      6,  -7.5000E-02,  -2.7858E-11,   3.5144E-11
      7,  -7.0000E-02,  -5.0866E-11,   4.2028E-11
      8,  -6.5000E-02,  -6.6368E-11,   5.0648E-11
      9,  -6.0000E-02,  -7.9910E-11,   6.9851E-11
     10,  -5.5000E-02,  -8.7339E-11,   1.1109E-10
     11,  -5.0000E-02,  -1.1370E-10,   1.6377E-10
     12,  -4.5000E-02,  -1.6663E-10,   2.3082E-10
     13,  -4.0000E-02,  -1.8383E-10,   3.4181E-10
     14,  -3.5000E-02,  -2.2087E-10,   4.9057E-10
     15,  -3.0000E-02,  -2.3764E-10,   7.1496E-10
     16,  -2.5000E-02,  -2.7950E-10,   1.0176E-09
     17,  -2.0000E-02,  -5.4646E-09,   2.9561E-09
     18,  -1.5000E-02,  -8.3260E-09,   3.5153E-09
     19,  -1.0000E-02,  -8.1399E-09,   3.9927E-09
     20,  -5.0000E-03,  -7.8072E-09,   4.4132E-09
     21,   0.0000E+00,  -7.3034E-09,   4.9544E-09
     22,   5.0000E-03,  -6.7426E-09,   5.4587E-09
     23,   1.0000E-02,  -6.1037E-09,   5.9648E-09
     24,   1.5000E-02,  -5.4839E-09,   6.5734E-09
     25,   2.0000E-02,  -4.7905E-09,   7.3602E-09
     26,   2.5000E-02,  -4.0601E-09,   8.0148E-09

SERIES_12_2, "CC", 09-Nov-2021, 13:01:21.443, 00:02:01.522,  ""
EPC10, C-Clamp,  2.1259E-11
Sweep #,     Ampl2[A],     AP count,     Vrest[V]
      1,   0.0000E+00,   0.0000E+00,  -4.0170E-02
      2,   0.0000E+00,   0.0000E+00,  -3.9838E-02
      3,   0.0000E+00,   0.0000E+00,  -3.9524E-02

SERIES_12_3, "CC2", 09-Nov-2021, 13:02:00.449, 00:02:40.528,  ""
EPC10, C-Clamp,  2.1259E-11
Sweep #,     Ampl2[A],     AP count,     Vrest[V]
      1,   0.0000E+00,   0.0000E+00,  -3.9142E-02
      2,   1.0000E-11,   0.0000E+00,  -3.9224E-02
      3,   2.0000E-11,   0.0000E+00,  -3.9396E-02
      4,   3.0000E-11,   0.0000E+00,  -3.9389E-02
      5,   4.0000E-11,   0.0000E+00,  -3.9233E-02
      6,   5.0000E-11,   0.0000E+00,  -3.8822E-02
      7,   6.0000E-11,   0.0000E+00,  -3.8979E-02
      8,   7.0000E-11,   0.0000E+00,  -3.8870E-02
      9,   8.0000E-11,   0.0000E+00,  -3.8883E-02
     10,   9.0000E-11,   0.0000E+00,  -3.9296E-02
     11,   1.0000E-10,   0.0000E+00,  -3.9205E-02

SERIES_12_4, "CC3", 09-Nov-2021, 13:02:41.886, 00:03:21.965,  ""
EPC10, C-Clamp,  2.1259E-11
Sweep #,     Ampl2[A],     AP count,     Vrest[V]
      1,   0.0000E+00,   0.0000E+00,  -3.8778E-02
      2,   1.0000E-10,   0.0000E+00,  -3.8384E-02
      3,   2.0000E-10,   1.0000E+00,  -3.8893E-02
      4,   3.0000E-10,   1.0000E+00,  -3.9371E-02
      5,   4.0000E-10,   1.0000E+00,  -3.9835E-02
      6,   5.0000E-10,   1.0000E+00,  -3.9938E-02
      7,   6.0000E-10,   1.0000E+00,  -4.0065E-02
      8,   7.0000E-10,   2.0000E+00,  -4.0203E-02
      9,   8.0000E-10,   2.0850E+02,  -4.0257E-02
     10,   9.0000E-10,   1.5000E+00,  -4.0241E-02
     11,   1.0000E-09,   2.5000E+00,  -4.0000E-02

SERIES_12_5, "sAP 1ms", 09-Nov-2021, 13:03:24.318, 00:04:04.397,  ""
EPC10, C-Clamp,  2.1259E-11
Sweep #,     Ampl2[A],     AP count,     Vrest[V]
      1,   0.0000E+00,   0.0000E+00,  -3.8721E-02
      2,   1.0000E-10,   0.0000E+00,  -3.8407E-02
      3,   2.0000E-10,   0.0000E+00,  -3.8401E-02
      4,   3.0000E-10,   0.0000E+00,  -3.8196E-02
      5,   4.0000E-10,   0.0000E+00,  -3.8014E-02
      6,   5.0000E-10,   0.0000E+00,  -3.7789E-02
      7,   6.0000E-10,   0.0000E+00,  -3.7747E-02
      8,   7.0000E-10,   1.0000E+00,  -3.7685E-02
      9,   8.0000E-10,   1.0000E+00,  -3.7846E-02
     10,   9.0000E-10,   1.0000E+00,  -3.8032E-02
     11,   1.0000E-09,   1.0000E+00,  -3.7747E-02
     12,   1.1000E-09,   1.0000E+00,  -3.7879E-02
     13,   1.2000E-09,   1.0000E+00,  -3.8107E-02
     14,   1.3000E-09,   1.0000E+00,  -3.7853E-02
     15,   1.4000E-09,   1.0000E+00,  -3.7949E-02
     16,   1.5000E-09,   1.0000E+00,  -3.8032E-02
     17,   1.6000E-09,   1.0000E+00,  -3.7993E-02
     18,   1.7000E-09,   1.0000E+00,  -3.7891E-02
     19,   1.8000E-09,   1.0000E+00,  -3.8190E-02
     20,   1.9000E-09,   1.0000E+00,  -3.8075E-02
     21,   2.0000E-09,   1.0000E+00,  -3.8058E-02
     22,   2.1000E-09,   1.0000E+00,  -3.8077E-02
     23,   2.2000E-09,   1.0000E+00,  -3.8130E-02
     24,   2.3000E-09,   1.0000E+00,  -3.8159E-02
     25,   2.4000E-09,   1.0000E+00,  -3.8081E-02
     26,   2.5000E-09,   5.0000E-01,  -3.8016E-02
     27,   2.6000E-09,   5.0000E-01,  -3.8086E-02
     28,   2.7000E-09,   5.0000E-01,  -3.7829E-02
     29,   2.8000E-09,   5.0000E-01,  -3.7738E-02
     30,   2.9000E-09,   5.0000E-01,  -3.7773E-02

SERIES_12_6, "input2", 09-Nov-2021, 13:04:38.699, 00:05:18.778,  ""
EPC10, C-Clamp,  2.1259E-11
Sweep #,     Ampl2[A],      input R
      1,   0.0000E+00,          INF
      2,  -5.0000E-11,   1.0369E+09
      3,  -1.0000E-10,   1.3216E+09

SERIES_12_7, "tivPPbefore", 09-Nov-2021, 13:05:00.993, 00:05:41.072,  ""
EPC10, V-Clamp,  1.9077E-11
Sweep #,     Ampl3[V],  peak - init,       Max[A]
      1,  -1.0000E-01,  -1.0821E-10,   2.2551E-10
      2,  -9.5000E-02,  -6.1931E-11,   1.1398E-10
      3,  -9.0000E-02,  -5.4890E-11,   6.8613E-11
      4,  -8.5000E-02,  -1.9552E-11,   5.8108E-11
      5,  -8.0000E-02,  -1.0421E-11,   2.2837E-11
      6,  -7.5000E-02,  -4.3102E-11,   3.1894E-11
      7,  -7.0000E-02,  -5.3497E-11,   3.7914E-11
      8,  -6.5000E-02,  -8.8422E-11,   1.8248E-10
      9,  -6.0000E-02,  -1.1731E-10,   2.2293E-10
     10,  -5.5000E-02,  -1.2469E-10,   2.7509E-10
     11,  -5.0000E-02,  -1.1491E-10,   3.0649E-10
     12,  -4.5000E-02,  -1.1734E-10,   3.3797E-10
     13,  -4.0000E-02,  -1.4016E-10,   3.8613E-10
     14,  -3.5000E-02,  -2.0638E-10,   5.8222E-10
     15,  -3.0000E-02,  -1.9841E-10,   6.4713E-10
     16,  -2.5000E-02,  -1.1584E-10,   8.6665E-10
     17,  -2.0000E-02,  -1.4280E-10,   1.1085E-09
     18,  -1.5000E-02,  -4.0868E-10,   1.2959E-09
     19,  -1.0000E-02,  -3.1476E-10,   1.6169E-09
     20,  -5.0000E-03,  -5.7941E-09,   2.6472E-09
     21,   0.0000E+00,  -5.4027E-09,   2.9202E-09
     22,   5.0000E-03,  -4.9326E-09,   3.1698E-09
     23,   1.0000E-02,  -4.4031E-09,   3.4128E-09
     24,   1.5000E-02,  -4.1986E-09,   3.8021E-09
     25,   2.0000E-02,  -3.7750E-09,   4.0947E-09
     26,   2.5000E-02,  -3.3536E-09,   4.4054E-09

SERIES_13_2, "CC", 09-Nov-2021, 13:11:26.255, 00:02:01.506,  ""
EPC10, C-Clamp,  2.8142E-11
Sweep #,     Ampl2[A],     AP count,     Vrest[V]
      1,   0.0000E+00,   0.0000E+00,  -5.1159E-02
      2,   0.0000E+00,   0.0000E+00,  -5.0854E-02
      3,   0.0000E+00,   0.0000E+00,  -5.0651E-02

SERIES_13_3, "CC2", 09-Nov-2021, 13:12:05.183, 00:02:40.434,  ""
EPC10, C-Clamp,  2.8142E-11
Sweep #,     Ampl2[A],     AP count,     Vrest[V]
      1,   0.0000E+00,   0.0000E+00,  -5.0187E-02
      2,   1.0000E-11,   0.0000E+00,  -5.0021E-02
      3,   2.0000E-11,   0.0000E+00,  -4.9891E-02
      4,   3.0000E-11,   0.0000E+00,  -4.9810E-02
      5,   4.0000E-11,   0.0000E+00,  -4.9902E-02
      6,   5.0000E-11,   0.0000E+00,  -4.9695E-02
      7,   6.0000E-11,   0.0000E+00,  -4.9708E-02
      8,   7.0000E-11,   0.0000E+00,  -4.9698E-02
      9,   8.0000E-11,   0.0000E+00,  -4.9638E-02
     10,   9.0000E-11,   0.0000E+00,  -4.9582E-02
     11,   1.0000E-10,   0.0000E+00,  -4.9407E-02

SERIES_13_4, "CC3", 09-Nov-2021, 13:12:46.683, 00:03:21.934,  ""
EPC10, C-Clamp,  2.8142E-11
Sweep #,     Ampl2[A],     AP count,     Vrest[V]
      1,   0.0000E+00,   0.0000E+00,  -4.9256E-02
      2,   1.0000E-10,   0.0000E+00,  -4.9169E-02
      3,   2.0000E-10,   2.0000E+00,  -4.9200E-02
      4,   3.0000E-10,   3.0000E+00,  -4.9846E-02
      5,   4.0000E-10,   1.1000E+01,  -5.0353E-02
      6,   5.0000E-10,   1.7000E+01,  -5.0651E-02
      7,   6.0000E-10,   2.3000E+01,  -5.0993E-02
      8,   7.0000E-10,   7.0000E+00,  -5.1444E-02
      9,   8.0000E-10,   3.0000E+00,  -5.1511E-02
     10,   9.0000E-10,   1.0000E+00,  -5.1487E-02
     11,   1.0000E-09,   1.0000E+00,  -5.1555E-02

SERIES_13_5, "sAP 1ms", 09-Nov-2021, 13:13:29.178, 00:04:04.429,  ""
EPC10, C-Clamp,  2.8142E-11
Sweep #,     Ampl2[A],     AP count,     Vrest[V]
      1,   0.0000E+00,   0.0000E+00,  -4.9813E-02
      2,   1.0000E-10,   0.0000E+00,  -4.9445E-02
      3,   2.0000E-10,   0.0000E+00,  -4.9533E-02
      4,   3.0000E-10,   0.0000E+00,  -4.9254E-02
      5,   4.0000E-10,   0.0000E+00,  -4.9148E-02
      6,   5.0000E-10,   0.0000E+00,  -4.8817E-02
      7,   6.0000E-10,   0.0000E+00,  -4.8884E-02
      8,   7.0000E-10,   0.0000E+00,  -4.8631E-02
      9,   8.0000E-10,   0.0000E+00,  -4.8463E-02
     10,   9.0000E-10,   0.0000E+00,  -4.8465E-02
     11,   1.0000E-09,   0.0000E+00,  -4.8343E-02
     12,   1.1000E-09,   0.0000E+00,  -4.8307E-02
     13,   1.2000E-09,   0.0000E+00,  -4.8167E-02
     14,   1.3000E-09,   0.0000E+00,  -4.8046E-02
     15,   1.4000E-09,   0.0000E+00,  -4.8052E-02
     16,   1.5000E-09,   0.0000E+00,  -4.7834E-02
     17,   1.6000E-09,   0.0000E+00,  -4.7946E-02
     18,   1.7000E-09,   0.0000E+00,  -4.7639E-02
     19,   1.8000E-09,   0.0000E+00,  -4.7506E-02
     20,   1.9000E-09,   0.0000E+00,  -4.7820E-02
     21,   2.0000E-09,   0.0000E+00,  -4.7657E-02
     22,   2.1000E-09,   1.0000E+00,  -4.7571E-02
     23,   2.2000E-09,   1.0000E+00,  -4.7441E-02
     24,   2.3000E-09,   1.0000E+00,  -4.7735E-02
     25,   2.4000E-09,   1.0000E+00,  -4.7605E-02
     26,   2.5000E-09,   1.0000E+00,  -4.7566E-02
     27,   2.6000E-09,   1.0000E+00,  -4.7548E-02
     28,   2.7000E-09,   1.0000E+00,  -4.7601E-02
     29,   2.8000E-09,   1.0000E+00,  -4.7652E-02
     30,   2.9000E-09,   1.0000E+00,  -4.7668E-02

SERIES_13_6, "input2", 09-Nov-2021, 13:14:43.698, 00:05:18.949,  ""
EPC10, C-Clamp,  2.8142E-11
Sweep #,     Ampl2[A],      input R
      1,   0.0000E+00,          INF
      2,  -5.0000E-11,   1.1644E+09
      3,  -1.0000E-10,   8.9062E+08

SERIES_13_7, "tivPPbefore", 09-Nov-2021, 13:15:09.727, 00:05:44.978,  ""
EPC10, V-Clamp,  2.7851E-11
Sweep #,     Ampl3[V],  peak - init,       Max[A]
      1,  -1.0000E-01,  -1.4015E-09,   7.1090E-10
      2,  -9.5000E-02,  -1.0583E-09,   5.3315E-10
      3,  -9.0000E-02,  -7.1710E-10,   3.6628E-10
      4,  -8.5000E-02,  -3.4696E-10,   1.7997E-10
      5,  -8.0000E-02,  -2.9844E-11,   4.8082E-11
      6,  -7.5000E-02,  -1.5642E-10,   3.3732E-10
      7,  -7.0000E-02,  -3.5642E-10,   7.0510E-10
      8,  -6.5000E-02,  -5.5578E-10,   1.0687E-09
      9,  -6.0000E-02,  -7.2822E-10,   1.4440E-09
     10,  -5.5000E-02,  -9.2714E-10,   1.7969E-09
     11,  -5.0000E-02,  -1.0344E-09,   2.1377E-09
     12,  -4.5000E-02,  -1.2702E-09,   2.5337E-09
     13,  -4.0000E-02,  -1.4685E-09,   2.9390E-09
     14,  -3.5000E-02,  -1.6568E-09,   3.3042E-09
     15,  -3.0000E-02,  -1.8834E-09,   3.7405E-09
     16,  -2.5000E-02,  -1.9149E-09,   3.9866E-09
     17,  -2.0000E-02,  -2.0297E-09,   4.3425E-09
     18,  -1.5000E-02,  -2.1866E-09,   4.7149E-09
     19,  -1.0000E-02,  -2.1326E-09,   4.9207E-09
     20,  -5.0000E-03,  -5.1545E-09,   5.2667E-09
     21,   0.0000E+00,  -6.8258E-09,   7.8912E-09
     22,   5.0000E-03,  -7.7119E-09,   1.0857E-08
     23,   1.0000E-02,  -7.8363E-09,   1.3753E-08
     24,   1.5000E-02,  -7.4088E-09,   1.6373E-08
     25,   2.0000E-02,  -6.6507E-09,   1.8858E-08
     26,   2.5000E-02,  -5.9403E-09,   2.1117E-08

SERIES_14_2, "CC", 09-Nov-2021, 13:22:15.209, 00:02:23.273,  ""
EPC10, C-Clamp,  3.7952E-11
Sweep #,     Ampl2[A],     AP count,     Vrest[V]
      1,   0.0000E+00,   0.0000E+00,  -5.1814E-02
      2,   0.0000E+00,   0.0000E+00,  -5.1890E-02
      3,   0.0000E+00,   0.0000E+00,  -5.1806E-02

SERIES_14_3, "CC2", 09-Nov-2021, 13:22:54.215, 00:03:02.279,  ""
EPC10, C-Clamp,  3.7952E-11
Sweep #,     Ampl2[A],     AP count,     Vrest[V]
      1,   0.0000E+00,   0.0000E+00,  -5.1496E-02
      2,   1.0000E-11,   0.0000E+00,  -5.1443E-02
      3,   2.0000E-11,   0.0000E+00,  -5.1096E-02
      4,   3.0000E-11,   0.0000E+00,  -5.1315E-02
      5,   4.0000E-11,   0.0000E+00,  -5.1040E-02
      6,   5.0000E-11,   0.0000E+00,  -5.1302E-02
      7,   6.0000E-11,   0.0000E+00,  -5.1022E-02
      8,   7.0000E-11,   0.0000E+00,  -5.0946E-02
      9,   8.0000E-11,   0.0000E+00,  -5.0993E-02
     10,   9.0000E-11,   0.0000E+00,  -5.1007E-02
     11,   1.0000E-10,   0.0000E+00,  -5.0911E-02

SERIES_14_4, "CC3", 09-Nov-2021, 13:23:35.652, 00:03:43.716,  ""
EPC10, C-Clamp,  3.7952E-11
Sweep #,     Ampl2[A],     AP count,     Vrest[V]
      1,   0.0000E+00,   0.0000E+00,  -5.0362E-02
      2,   1.0000E-10,   0.0000E+00,  -5.0468E-02
      3,   2.0000E-10,   0.0000E+00,  -5.0657E-02
      4,   3.0000E-10,   0.0000E+00,  -5.0682E-02
      5,   4.0000E-10,   0.0000E+00,  -5.0805E-02
      6,   5.0000E-10,   0.0000E+00,  -5.1076E-02
      7,   6.0000E-10,   0.0000E+00,  -5.1251E-02
      8,   7.0000E-10,   1.0000E+00,  -5.1762E-02
      9,   8.0000E-10,   1.0000E+00,  -5.1699E-02
     10,   9.0000E-10,   1.0000E+00,  -5.1788E-02
     11,   1.0000E-09,   2.0000E+00,  -5.1877E-02

SERIES_14_5, "sAP 1ms", 09-Nov-2021, 13:24:18.085, 00:04:26.149,  ""
EPC10, C-Clamp,  3.7952E-11
Sweep #,     Ampl2[A],     AP count,     Vrest[V]
      1,   0.0000E+00,   0.0000E+00,  -5.0523E-02
      2,   1.0000E-10,   0.0000E+00,  -5.0928E-02
      3,   2.0000E-10,   0.0000E+00,  -5.0141E-02
      4,   3.0000E-10,   0.0000E+00,  -5.0533E-02
      5,   4.0000E-10,   0.0000E+00,  -4.9875E-02
      6,   5.0000E-10,   0.0000E+00,  -5.0241E-02
      7,   6.0000E-10,   0.0000E+00,  -5.0358E-02
      8,   7.0000E-10,   0.0000E+00,  -4.9967E-02
      9,   8.0000E-10,   0.0000E+00,  -4.9916E-02
     10,   9.0000E-10,   0.0000E+00,  -4.9860E-02
     11,   1.0000E-09,   0.0000E+00,  -4.9654E-02
     12,   1.1000E-09,   0.0000E+00,  -4.9390E-02
     13,   1.2000E-09,   0.0000E+00,  -4.9334E-02
     14,   1.3000E-09,   0.0000E+00,  -4.9340E-02
     15,   1.4000E-09,   0.0000E+00,  -4.9508E-02
     16,   1.5000E-09,   0.0000E+00,  -4.9622E-02
     17,   1.6000E-09,   0.0000E+00,  -4.9618E-02
     18,   1.7000E-09,   0.0000E+00,  -4.9502E-02
     19,   1.8000E-09,   0.0000E+00,  -4.9580E-02
     20,   1.9000E-09,   0.0000E+00,  -4.9393E-02
     21,   2.0000E-09,   0.0000E+00,  -4.9035E-02
     22,   2.1000E-09,   0.0000E+00,  -4.9178E-02
     23,   2.2000E-09,   0.0000E+00,  -4.9236E-02
     24,   2.3000E-09,   0.0000E+00,  -4.9369E-02
     25,   2.4000E-09,   0.0000E+00,  -4.9121E-02
     26,   2.5000E-09,   0.0000E+00,  -4.9103E-02
     27,   2.6000E-09,   0.0000E+00,  -4.9151E-02
     28,   2.7000E-09,   0.0000E+00,  -4.8971E-02
     29,   2.8000E-09,   1.0000E+00,  -4.9109E-02
     30,   2.9000E-09,   1.0000E+00,  -4.8809E-02

SERIES_14_6, "input2", 09-Nov-2021, 13:25:32.465, 00:05:40.529,  ""
EPC10, C-Clamp,  3.7952E-11
Sweep #,     Ampl2[A],      input R
      1,   0.0000E+00,          INF
      2,  -5.0000E-11,   1.1388E+09
      3,  -1.0000E-10,   7.0312E+08

SERIES_14_7, "tivPPbefore", 09-Nov-2021, 13:26:34.337, 00:06:42.401,  ""
EPC10, V-Clamp,  3.7295E-11
Sweep #,     Ampl3[V],  peak - init,       Max[A]
      1,  -1.0000E-01,  -6.3283E-10,   7.1895E-10
      2,  -9.5000E-02,  -4.5913E-10,   5.4706E-10
      3,  -9.0000E-02,  -3.3282E-10,   3.5755E-10
      4,  -8.5000E-02,  -1.7132E-10,   1.9807E-10
      5,  -8.0000E-02,  -2.5149E-11,   2.5047E-11
      6,  -7.5000E-02,  -1.5399E-10,   1.6259E-10
      7,  -7.0000E-02,  -3.6558E-10,   3.3114E-10
      8,  -6.5000E-02,  -5.3079E-10,   4.9442E-10
      9,  -6.0000E-02,  -7.1313E-10,   6.3846E-10
     10,  -5.5000E-02,  -8.6505E-10,   7.9050E-10
     11,  -5.0000E-02,  -1.0364E-09,   9.6654E-10
     12,  -4.5000E-02,  -1.2234E-09,   1.1590E-09
     13,  -4.0000E-02,  -1.3199E-09,   1.3684E-09
     14,  -3.5000E-02,  -1.4887E-09,   1.5459E-09
     15,  -3.0000E-02,  -1.6759E-09,   1.6615E-09
     16,  -2.5000E-02,  -1.8423E-09,   1.8653E-09
     17,  -2.0000E-02,  -1.9530E-09,   2.0887E-09
     18,  -1.5000E-02,  -2.0763E-09,   2.2656E-09
     19,  -1.0000E-02,  -2.2091E-09,   3.4248E-09
     20,  -5.0000E-03,  -1.2178E-08,   4.5911E-09
     21,   0.0000E+00,  -1.2758E-08,   5.0387E-09
     22,   5.0000E-03,  -1.2348E-08,   5.6759E-09
     23,   1.0000E-02,  -1.1372E-08,   6.5082E-09
     24,   1.5000E-02,  -1.0227E-08,   7.5742E-09
     25,   2.0000E-02,  -9.3522E-09,   8.2898E-09
     26,   2.5000E-02,  -6.8564E-09,   1.0573E-08

SERIES_15_2, "CC", 09-Nov-2021, 13:32:42.646, 00:02:01.553,  ""
EPC10, C-Clamp,  1.8583E-11
Sweep #,     Ampl2[A],     AP count,     Vrest[V]
      1,   0.0000E+00,   0.0000E+00,  -3.8861E-02
      2,   0.0000E+00,   0.0000E+00,  -3.9029E-02
      3,   0.0000E+00,   0.0000E+00,  -3.7758E-02

SERIES_15_3, "CC2", 09-Nov-2021, 13:33:21.652, 00:02:40.559,  ""
EPC10, C-Clamp,  1.8583E-11
Sweep #,     Ampl2[A],     AP count,     Vrest[V]
      1,   0.0000E+00,   0.0000E+00,  -3.8265E-02
      2,   1.0000E-11,   0.0000E+00,  -3.8813E-02
      3,   2.0000E-11,   0.0000E+00,  -3.9153E-02
      4,   3.0000E-11,   0.0000E+00,  -3.8792E-02
      5,   4.0000E-11,   0.0000E+00,  -3.8180E-02
      6,   5.0000E-11,   0.0000E+00,  -3.8276E-02
      7,   6.0000E-11,   0.0000E+00,  -3.9029E-02
      8,   7.0000E-11,   0.0000E+00,  -3.9121E-02
      9,   8.0000E-11,   0.0000E+00,  -3.8527E-02
     10,   9.0000E-11,   0.0000E+00,  -3.9056E-02
     11,   1.0000E-10,   0.0000E+00,  -3.9412E-02

SERIES_15_4, "CC3", 09-Nov-2021, 13:34:03.105, 00:03:22.012,  ""
EPC10, C-Clamp,  1.8583E-11
Sweep #,     Ampl2[A],     AP count,     Vrest[V]
      1,   0.0000E+00,   0.0000E+00,  -3.7480E-02
      2,   1.0000E-10,   0.0000E+00,  -3.7725E-02
      3,   2.0000E-10,   1.0000E+00,  -3.7931E-02
      4,   3.0000E-10,   1.0000E+00,  -3.9086E-02
      5,   4.0000E-10,   1.0000E+00,  -3.9219E-02
      6,   5.0000E-10,   1.0000E+00,  -3.8764E-02
      7,   6.0000E-10,   1.0000E+00,  -4.0060E-02
      8,   7.0000E-10,   1.0000E+00,  -4.0243E-02
      9,   8.0000E-10,   1.0000E+00,  -4.0472E-02
     10,   9.0000E-10,   1.0000E+00,  -4.0579E-02
     11,   1.0000E-09,   1.0000E+00,  -4.0572E-02

SERIES_15_5, "sAP 1ms", 09-Nov-2021, 13:34:45.585, 00:04:04.492,  ""
EPC10, C-Clamp,  1.8583E-11
Sweep #,     Ampl2[A],     AP count,     Vrest[V]
      1,   0.0000E+00,   0.0000E+00,  -3.7894E-02
      2,   1.0000E-10,   0.0000E+00,  -3.7864E-02
      3,   2.0000E-10,   0.0000E+00,  -3.6785E-02
      4,   3.0000E-10,   0.0000E+00,  -3.7184E-02
      5,   4.0000E-10,   0.0000E+00,  -3.6644E-02
      6,   5.0000E-10,   0.0000E+00,  -3.6763E-02
      7,   6.0000E-10,   0.0000E+00,  -3.6575E-02
      8,   7.0000E-10,   1.0000E+00,  -3.6659E-02
      9,   8.0000E-10,   1.0000E+00,  -3.6533E-02
     10,   9.0000E-10,   1.0000E+00,  -3.6781E-02
     11,   1.0000E-09,   1.0000E+00,  -3.7283E-02
     12,   1.1000E-09,   1.0000E+00,  -3.6899E-02
     13,   1.2000E-09,   1.0000E+00,  -3.6965E-02
     14,   1.3000E-09,   1.0000E+00,  -3.7762E-02
     15,   1.4000E-09,   1.0000E+00,  -3.6767E-02
     16,   1.5000E-09,   1.0000E+00,  -3.6279E-02
     17,   1.6000E-09,   1.0000E+00,  -3.6729E-02
     18,   1.7000E-09,   1.0000E+00,  -3.7151E-02
     19,   1.8000E-09,   1.0000E+00,  -3.6002E-02
     20,   1.9000E-09,   1.0000E+00,  -3.5882E-02
     21,   2.0000E-09,   1.0000E+00,  -3.6290E-02
     22,   2.1000E-09,   1.0000E+00,  -3.5443E-02
     23,   2.2000E-09,   1.0000E+00,  -3.6217E-02
     24,   2.3000E-09,   1.0000E+00,  -3.5560E-02
     25,   2.4000E-09,   1.0000E+00,  -3.6251E-02
     26,   2.5000E-09,   1.0000E+00,  -3.5592E-02
     27,   2.6000E-09,   1.0000E+00,  -3.5968E-02
     28,   2.7000E-09,   1.0000E+00,  -3.5580E-02
     29,   2.8000E-09,   1.0000E+00,  -3.6038E-02
     30,   2.9000E-09,   1.0000E+00,  -3.5815E-02

SERIES_15_6, "input2", 09-Nov-2021, 13:36:00.027, 00:05:18.934,  ""
EPC10, C-Clamp,  1.8583E-11
Sweep #,     Ampl2[A],      input R
      1,   0.0000E+00,          INF
      2,  -5.0000E-11,   9.8812E+08
      3,  -1.0000E-10,   7.3563E+08

SERIES_15_7, "tivPPbefore", 09-Nov-2021, 13:37:09.588, 00:06:28.495,  ""
EPC10, V-Clamp,  1.6685E-11
Sweep #,     Ampl3[V],  peak - init,       Max[A]
      1,  -1.0000E-01,  -1.2430E-10,   9.2951E-11
      2,  -9.5000E-02,  -7.0392E-11,   6.0234E-11
      3,  -9.0000E-02,  -6.4485E-11,   5.0323E-11
      4,  -8.5000E-02,  -3.8717E-11,   5.3753E-11
      5,  -8.0000E-02,  -4.9138E-11,   5.9504E-11
      6,  -7.5000E-02,  -1.5399E-11,   6.2992E-11
      7,  -7.0000E-02,  -4.2354E-11,   7.4014E-11
      8,  -6.5000E-02,  -1.0312E-10,   1.1011E-10
      9,  -6.0000E-02,  -9.7398E-11,   1.5707E-10
     10,  -5.5000E-02,  -1.3740E-10,   2.1230E-10
     11,  -5.0000E-02,  -1.6379E-10,   2.4423E-10
     12,  -4.5000E-02,  -1.7865E-10,   3.2239E-10
     13,  -4.0000E-02,  -2.1125E-10,   3.8946E-10
     14,  -3.5000E-02,  -2.7489E-10,   6.1166E-10
     15,  -3.0000E-02,  -3.0063E-10,   8.7419E-10
     16,  -2.5000E-02,  -3.2361E-10,   1.2757E-09
     17,  -2.0000E-02,  -4.0208E-10,   1.7993E-09
     18,  -1.5000E-02,  -3.5529E-10,   2.5254E-09
     19,  -1.0000E-02,  -4.1732E-10,   3.3188E-09
     20,  -5.0000E-03,  -4.7105E-10,   4.1167E-09
     21,   0.0000E+00,  -5.3773E-10,   4.8786E-09
     22,   5.0000E-03,  -1.7100E-09,   5.8270E-09
     23,   1.0000E-02,  -2.8017E-09,   6.9541E-09
     24,   1.5000E-02,  -3.2892E-09,   8.1470E-09
     25,   2.0000E-02,  -3.3666E-09,   9.5159E-09
     26,   2.5000E-02,  -2.3244E-09,   1.1566E-08

SERIES_18_2, "CC", 16-Nov-2021, 14:05:46.224, 00:02:01.413,  ""
EPC10, C-Clamp,  1.9777E-11
Sweep #,     Ampl2[A],     AP count,     Vrest[V]
      1,   0.0000E+00,   0.0000E+00,  -3.5387E-02
      2,   0.0000E+00,   0.0000E+00,  -3.5651E-02
      3,   0.0000E+00,   0.0000E+00,  -3.5653E-02

SERIES_18_3, "CC2", 16-Nov-2021, 14:06:25.230, 00:02:40.419,  ""
EPC10, C-Clamp,  1.9777E-11
Sweep #,     Ampl2[A],     AP count,     Vrest[V]
      1,   0.0000E+00,   0.0000E+00,  -3.4723E-02
      2,   1.0000E-11,   0.0000E+00,  -3.4694E-02
      3,   2.0000E-11,   0.0000E+00,  -3.4749E-02
      4,   3.0000E-11,   0.0000E+00,  -3.4920E-02
      5,   4.0000E-11,   0.0000E+00,  -3.4712E-02
      6,   5.0000E-11,   0.0000E+00,  -3.4907E-02
      7,   6.0000E-11,   0.0000E+00,  -3.4995E-02
      8,   7.0000E-11,   0.0000E+00,  -3.5254E-02
      9,   8.0000E-11,   0.0000E+00,  -3.5067E-02
     10,   9.0000E-11,   0.0000E+00,  -3.4912E-02
     11,   1.0000E-10,   1.0000E+00,  -3.4580E-02

SERIES_18_4, "CC3", 16-Nov-2021, 14:07:06.808, 00:03:21.997,  ""
EPC10, C-Clamp,  1.9777E-11
Sweep #,     Ampl2[A],     AP count,     Vrest[V]
      1,   0.0000E+00,   0.0000E+00,  -3.4057E-02
      2,   1.0000E-10,   1.0000E+00,  -3.3782E-02
      3,   2.0000E-10,   1.0000E+00,  -3.3866E-02
      4,   3.0000E-10,   1.0000E+00,  -3.4038E-02
      5,   4.0000E-10,   1.0000E+00,  -3.4319E-02
      6,   5.0000E-10,   1.0000E+00,  -3.4601E-02
      7,   6.0000E-10,   1.1050E+02,  -3.4207E-02
      8,   7.0000E-10,   2.5000E+00,  -3.5533E-02
      9,   8.0000E-10,   1.5000E+00,  -3.6181E-02
     10,   9.0000E-10,   1.5000E+00,  -3.7260E-02
     11,   1.0000E-09,   5.0000E-01,  -3.7881E-02

SERIES_18_5, "sAP 1ms", 16-Nov-2021, 14:07:49.225, 00:04:04.414,  ""
EPC10, C-Clamp,  1.9777E-11
Sweep #,     Ampl2[A],     AP count,     Vrest[V]
      1,   0.0000E+00,   0.0000E+00,  -3.4736E-02
      2,   1.0000E-10,   0.0000E+00,  -3.3502E-02
      3,   2.0000E-10,   0.0000E+00,  -3.4502E-02
      4,   3.0000E-10,   0.0000E+00,  -3.4387E-02
      5,   4.0000E-10,   0.0000E+00,  -3.4118E-02
      6,   5.0000E-10,   0.0000E+00,  -3.4407E-02
      7,   6.0000E-10,   0.0000E+00,  -3.4658E-02
      8,   7.0000E-10,   1.0000E+00,  -3.3790E-02
      9,   8.0000E-10,   1.0000E+00,  -3.3891E-02
     10,   9.0000E-10,   1.0000E+00,  -3.4198E-02
     11,   1.0000E-09,   1.0000E+00,  -3.4262E-02
     12,   1.1000E-09,   1.0000E+00,  -3.4226E-02
     13,   1.2000E-09,   1.0000E+00,  -3.3761E-02
     14,   1.3000E-09,   1.0000E+00,  -3.4475E-02
     15,   1.4000E-09,   1.0000E+00,  -3.4761E-02
     16,   1.5000E-09,   1.0000E+00,  -3.4897E-02
     17,   1.6000E-09,   1.0000E+00,  -3.4926E-02
     18,   1.7000E-09,   1.0000E+00,  -3.5442E-02
     19,   1.8000E-09,   1.0000E+00,  -3.4077E-02
     20,   1.9000E-09,   1.0000E+00,  -3.3892E-02
     21,   2.0000E-09,   1.0000E+00,  -3.4555E-02
     22,   2.1000E-09,   1.0000E+00,  -3.5892E-02
     23,   2.2000E-09,   5.0000E-01,  -3.5737E-02
     24,   2.3000E-09,   5.0000E-01,  -3.5623E-02
     25,   2.4000E-09,   5.0000E-01,  -3.5706E-02
     26,   2.5000E-09,   5.0000E-01,  -3.6005E-02
     27,   2.6000E-09,   5.0000E-01,  -3.5986E-02
     28,   2.7000E-09,   5.0000E-01,  -3.5798E-02
     29,   2.8000E-09,   5.0000E-01,  -3.5691E-02
     30,   2.9000E-09,   5.0000E-01,  -3.5539E-02

SERIES_18_6, "input2", 16-Nov-2021, 14:09:03.668, 00:05:18.857,  ""
EPC10, C-Clamp,  1.9777E-11
Sweep #,     Ampl2[A],      input R
      1,   0.0000E+00,          INF
      2,  -5.0000E-11,   1.1663E+09
      3,  -1.0000E-10,   1.1394E+09

SERIES_18_7, "tivPPbefore", 16-Nov-2021, 14:09:27.431, 00:05:42.620,  ""
EPC10, V-Clamp,  1.9491E-11
Sweep #,     Ampl3[V],  peak - init,       Max[A]
      1,  -1.0000E-01,  -4.5398E-11,   3.4813E-11
      2,  -9.5000E-02,  -3.5596E-11,   6.3175E-11
      3,  -9.0000E-02,  -2.2131E-11,   3.9960E-11
      4,  -8.5000E-02,  -2.1564E-11,   1.7637E-11
      5,  -8.0000E-02,  -1.4367E-11,   1.9411E-11
      6,  -7.5000E-02,  -1.3181E-11,   2.2942E-11
      7,  -7.0000E-02,  -5.0763E-11,   3.0164E-11
      8,  -6.5000E-02,  -7.7073E-11,   4.1526E-11
      9,  -6.0000E-02,  -1.2239E-10,   6.2924E-11
     10,  -5.5000E-02,  -1.4997E-10,   8.6142E-11
     11,  -5.0000E-02,  -2.5252E-10,   1.1437E-10
     12,  -4.5000E-02,  -2.6586E-10,   1.3687E-10
     13,  -4.0000E-02,  -3.3171E-10,   1.5603E-10
     14,  -3.5000E-02,  -3.9119E-10,   1.8834E-10
     15,  -3.0000E-02,  -4.3440E-10,   2.3036E-10
     16,  -2.5000E-02,  -3.6798E-10,   3.4464E-10
     17,  -2.0000E-02,  -2.5474E-10,   5.5320E-10
     18,  -1.5000E-02,  -5.5305E-10,   7.5675E-10
     19,  -1.0000E-02,  -7.2285E-10,   1.0045E-09
     20,  -5.0000E-03,  -8.5484E-10,   1.3005E-09
     21,   0.0000E+00,  -2.7981E-09,   1.8563E-09
     22,   5.0000E-03,  -2.7362E-09,   2.0720E-09
     23,   1.0000E-02,  -2.6242E-09,   2.2882E-09
     24,   1.5000E-02,  -2.4593E-09,   2.5392E-09
     25,   2.0000E-02,  -2.2339E-09,   2.8056E-09
     26,   2.5000E-02,  -2.0252E-09,   3.1112E-09

SERIES_19_2, "CC", 16-Nov-2021, 14:14:58.443, 00:02:01.507,  ""
EPC10, C-Clamp,  1.5576E-11
Sweep #,     Ampl2[A],     AP count,     Vrest[V]
      1,   0.0000E+00,   0.0000E+00,  -4.0304E-02
      2,   0.0000E+00,   0.0000E+00,  -3.9623E-02
      3,   0.0000E+00,   0.0000E+00,  -3.9663E-02

SERIES_19_3, "CC2", 16-Nov-2021, 14:15:37.386, 00:02:40.450,  ""
EPC10, C-Clamp,  1.5576E-11
Sweep #,     Ampl2[A],     AP count,     Vrest[V]
      1,   0.0000E+00,   0.0000E+00,  -3.9697E-02
      2,   1.0000E-11,   0.0000E+00,  -3.9383E-02
      3,   2.0000E-11,   0.0000E+00,  -3.9510E-02
      4,   3.0000E-11,   0.0000E+00,  -3.9285E-02
      5,   4.0000E-11,   0.0000E+00,  -3.9652E-02
      6,   5.0000E-11,   0.0000E+00,  -4.0018E-02
      7,   6.0000E-11,   0.0000E+00,  -3.9981E-02
      8,   7.0000E-11,   0.0000E+00,  -3.9855E-02
      9,   8.0000E-11,   0.0000E+00,  -4.0494E-02
     10,   9.0000E-11,   1.0000E+00,  -4.0392E-02
     11,   1.0000E-10,   1.0000E+00,  -4.0283E-02

SERIES_19_4, "CC3", 16-Nov-2021, 14:16:18.839, 00:03:21.903,  ""
EPC10, C-Clamp,  1.5576E-11
Sweep #,     Ampl2[A],     AP count,     Vrest[V]
      1,   0.0000E+00,   0.0000E+00,  -3.9379E-02
      2,   1.0000E-10,   1.0000E+00,  -3.9041E-02
      3,   2.0000E-10,   1.0000E+00,  -3.9924E-02
      4,   3.0000E-10,   1.0000E+00,  -4.0376E-02
      5,   4.0000E-10,   1.0000E+00,  -4.0612E-02
      6,   5.0000E-10,   1.0000E+00,  -4.1113E-02
      7,   6.0000E-10,   3.0000E+00,  -4.1574E-02
      8,   7.0000E-10,   9.3500E+01,  -4.1555E-02
      9,   8.0000E-10,   2.5000E+00,  -4.1798E-02
     10,   9.0000E-10,   5.0000E-01,  -4.1940E-02
     11,   1.0000E-09,   5.0000E-01,  -4.1600E-02

SERIES_19_5, "sAP 1ms", 16-Nov-2021, 14:17:01.256, 00:04:04.320,  ""
EPC10, C-Clamp,  1.5576E-11
Sweep #,     Ampl2[A],     AP count,     Vrest[V]
      1,   0.0000E+00,   0.0000E+00,  -3.9826E-02
      2,   1.0000E-10,   0.0000E+00,  -3.9210E-02
      3,   2.0000E-10,   0.0000E+00,  -3.9271E-02
      4,   3.0000E-10,   0.0000E+00,  -3.9030E-02
      5,   4.0000E-10,   0.0000E+00,  -3.8541E-02
      6,   5.0000E-10,   0.0000E+00,  -3.8592E-02
      7,   6.0000E-10,   0.0000E+00,  -3.8566E-02
      8,   7.0000E-10,   1.0000E+00,  -3.8717E-02
      9,   8.0000E-10,   1.0000E+00,  -3.8806E-02
     10,   9.0000E-10,   1.0000E+00,  -3.8836E-02
     11,   1.0000E-09,   1.0000E+00,  -3.8936E-02
     12,   1.1000E-09,   1.0000E+00,  -3.8972E-02
     13,   1.2000E-09,   1.0000E+00,  -3.8785E-02
     14,   1.3000E-09,   1.0000E+00,  -3.8307E-02
     15,   1.4000E-09,   1.0000E+00,  -3.8568E-02
     16,   1.5000E-09,   1.0000E+00,  -3.8562E-02
     17,   1.6000E-09,   1.0000E+00,  -3.8609E-02
     18,   1.7000E-09,   1.0000E+00,  -3.8301E-02
     19,   1.8000E-09,   1.0000E+00,  -3.8469E-02
     20,   1.9000E-09,   1.0000E+00,  -3.8182E-02
     21,   2.0000E-09,   1.0000E+00,  -3.8825E-02
     22,   2.1000E-09,   1.0000E+00,  -3.8611E-02
     23,   2.2000E-09,   1.0000E+00,  -3.8270E-02
     24,   2.3000E-09,   1.0000E+00,  -3.8311E-02
     25,   2.4000E-09,   1.0000E+00,  -3.8078E-02
     26,   2.5000E-09,   1.0000E+00,  -3.8340E-02
     27,   2.6000E-09,   1.0000E+00,  -3.8387E-02
     28,   2.7000E-09,   1.0000E+00,  -3.8269E-02
     29,   2.8000E-09,   1.0000E+00,  -3.8678E-02
     30,   2.9000E-09,   5.0000E-01,  -3.8317E-02

SERIES_19_6, "input2", 16-Nov-2021, 14:18:15.699, 00:05:18.763,  ""
EPC10, C-Clamp,  1.5576E-11
Sweep #,     Ampl2[A],      input R
      1,   0.0000E+00,          INF
      2,  -5.0000E-11,   1.0650E+09
      3,  -1.0000E-10,   1.0594E+09

SERIES_19_7, "tivPPbefore", 16-Nov-2021, 14:18:37.555, 00:05:40.619,  ""
EPC10, V-Clamp,  1.5332E-11
Sweep #,     Ampl3[V],  peak - init,       Max[A]
      1,  -1.0000E-01,  -1.4677E-10,   2.6870E-11
      2,  -9.5000E-02,  -1.2017E-10,   3.6379E-11
      3,  -9.0000E-02,  -8.7493E-11,   2.4177E-11
      4,  -8.5000E-02,  -5.1872E-11,   1.9101E-11
      5,  -8.0000E-02,  -2.2725E-11,   2.6963E-11
      6,  -7.5000E-02,  -2.4169E-11,   5.5173E-11
      7,  -7.0000E-02,  -3.4899E-11,   1.2592E-10
      8,  -6.5000E-02,  -7.6428E-11,   1.5328E-10
      9,  -6.0000E-02,  -1.1053E-10,   2.5947E-10
     10,  -5.5000E-02,  -1.5015E-10,   3.4428E-10
     11,  -5.0000E-02,  -1.2918E-10,   4.2262E-10
     12,  -4.5000E-02,  -2.2289E-10,   5.1101E-10
     13,  -4.0000E-02,  -2.1257E-10,   5.8742E-10
     14,  -3.5000E-02,  -1.7305E-10,   7.9324E-10
     15,  -3.0000E-02,  -2.4638E-10,   1.0404E-09
     16,  -2.5000E-02,  -2.0916E-10,   1.2799E-09
     17,  -2.0000E-02,  -2.1332E-10,   1.6350E-09
     18,  -1.5000E-02,  -2.7620E-10,   1.9691E-09
     19,  -1.0000E-02,  -5.4503E-10,   2.3565E-09
     20,  -5.0000E-03,  -9.4079E-09,   3.2862E-09
     21,   0.0000E+00,  -1.0694E-08,   3.9645E-09
     22,   5.0000E-03,  -1.0233E-08,   4.9066E-09
     23,   1.0000E-02,  -9.4812E-09,   5.9380E-09
     24,   1.5000E-02,  -8.4303E-09,   7.0081E-09
     25,   2.0000E-02,  -7.3194E-09,   8.0817E-09
     26,   2.5000E-02,  -6.1673E-09,   9.2226E-09

SERIES_20_2, "CC", 16-Nov-2021, 14:24:04.709, 00:02:03.539,  ""
EPC10, C-Clamp,  2.3482E-11
Sweep #,     Ampl2[A],     AP count,     Vrest[V]
      1,   0.0000E+00,   0.0000E+00,  -4.2089E-02
      2,   0.0000E+00,   0.0000E+00,  -4.1346E-02
      3,   0.0000E+00,   0.0000E+00,  -4.1505E-02

SERIES_20_3, "CC2", 16-Nov-2021, 14:24:43.652, 00:02:42.481,  ""
EPC10, C-Clamp,  2.3482E-11
Sweep #,     Ampl2[A],     AP count,     Vrest[V]
      1,   0.0000E+00,   0.0000E+00,  -4.1653E-02
      2,   1.0000E-11,   0.0000E+00,  -4.1748E-02
      3,   2.0000E-11,   0.0000E+00,  -4.1525E-02
      4,   3.0000E-11,   0.0000E+00,  -4.1625E-02
      5,   4.0000E-11,   0.0000E+00,  -4.1486E-02
      6,   5.0000E-11,   0.0000E+00,  -4.1952E-02
      7,   6.0000E-11,   0.0000E+00,  -4.1846E-02
      8,   7.0000E-11,   0.0000E+00,  -4.2073E-02
      9,   8.0000E-11,   0.0000E+00,  -4.1912E-02
     10,   9.0000E-11,   0.0000E+00,  -4.2141E-02
     11,   1.0000E-10,   0.0000E+00,  -4.2261E-02

SERIES_20_4, "CC3", 16-Nov-2021, 14:25:25.074, 00:03:23.903,  ""
EPC10, C-Clamp,  2.3482E-11
Sweep #,     Ampl2[A],     AP count,     Vrest[V]
      1,   0.0000E+00,   0.0000E+00,  -4.1203E-02
      2,   1.0000E-10,   0.0000E+00,  -4.0845E-02
      3,   2.0000E-10,   1.0000E+00,  -4.2258E-02
      4,   3.0000E-10,   1.3000E+01,  -4.3110E-02
      5,   4.0000E-10,   1.0000E+01,  -4.3587E-02
      6,   5.0000E-10,   1.8000E+01,  -4.3968E-02
      7,   6.0000E-10,   9.2000E+01,  -4.4607E-02
      8,   7.0000E-10,   9.4000E+01,  -4.4668E-02
      9,   8.0000E-10,   5.6500E+01,  -4.5196E-02
     10,   9.0000E-10,   2.5500E+01,  -4.5778E-02
     11,   1.0000E-09,   3.5000E+00,  -4.6009E-02

SERIES_20_5, "sAP 1ms", 16-Nov-2021, 14:26:07.694, 00:04:06.523,  ""
EPC10, C-Clamp,  2.3482E-11
Sweep #,     Ampl2[A],     AP count,     Vrest[V]
      1,   0.0000E+00,   0.0000E+00,  -4.2569E-02
      2,   1.0000E-10,   0.0000E+00,  -4.1844E-02
      3,   2.0000E-10,   0.0000E+00,  -4.1916E-02
      4,   3.0000E-10,   0.0000E+00,  -4.2052E-02
      5,   4.0000E-10,   0.0000E+00,  -4.1402E-02
      6,   5.0000E-10,   0.0000E+00,  -4.1240E-02
      7,   6.0000E-10,   0.0000E+00,  -4.1094E-02
      8,   7.0000E-10,   0.0000E+00,  -4.0982E-02
      9,   8.0000E-10,   0.0000E+00,  -4.0331E-02
     10,   9.0000E-10,   1.0000E+00,  -4.0726E-02
     11,   1.0000E-09,   1.0000E+00,  -4.0595E-02
     12,   1.1000E-09,   1.0000E+00,  -4.0664E-02
     13,   1.2000E-09,   1.0000E+00,  -4.0829E-02
     14,   1.3000E-09,   1.0000E+00,  -4.1171E-02
     15,   1.4000E-09,   1.0000E+00,  -4.0840E-02
     16,   1.5000E-09,   1.0000E+00,  -4.1441E-02
     17,   1.6000E-09,   1.0000E+00,  -4.1211E-02
     18,   1.7000E-09,   1.0000E+00,  -4.1065E-02
     19,   1.8000E-09,   1.0000E+00,  -4.1107E-02
     20,   1.9000E-09,   1.0000E+00,  -4.0830E-02
     21,   2.0000E-09,   1.0000E+00,  -4.1269E-02
     22,   2.1000E-09,   1.0000E+00,  -4.1152E-02
     23,   2.2000E-09,   1.0000E+00,  -4.0978E-02
     24,   2.3000E-09,   1.0000E+00,  -4.0814E-02
     25,   2.4000E-09,   1.0000E+00,  -4.1029E-02
     26,   2.5000E-09,   1.0000E+00,  -4.0550E-02
     27,   2.6000E-09,   1.0000E+00,  -4.0772E-02
     28,   2.7000E-09,   1.0000E+00,  -4.1300E-02
     29,   2.8000E-09,   1.0000E+00,  -4.1036E-02
     30,   2.9000E-09,   1.0000E+00,  -4.0897E-02

SERIES_20_6, "input2", 16-Nov-2021, 14:27:22.136, 00:05:20.965,  ""
EPC10, C-Clamp,  2.3482E-11
Sweep #,     Ampl2[A],      input R
      1,   0.0000E+00,          INF
      2,  -5.0000E-11,   1.0606E+09
      3,  -1.0000E-10,   8.6594E+08

SERIES_20_7, "tivPPbefore", 16-Nov-2021, 14:27:41.259, 00:05:40.088,  ""
EPC10, V-Clamp,  2.3031E-11
Sweep #,     Ampl3[V],  peak - init,       Max[A]
      1,  -1.0000E-01,  -9.9178E-11,   5.0626E-11
      2,  -9.5000E-02,  -8.0503E-11,   5.9046E-11
      3,  -9.0000E-02,  -4.9911E-11,   2.2261E-11
      4,  -8.5000E-02,  -4.5552E-11,   2.3270E-11
      5,  -8.0000E-02,  -2.1977E-11,   2.9322E-11
      6,  -7.5000E-02,  -1.4445E-11,   3.5825E-11
      7,  -7.0000E-02,  -1.1427E-11,   5.1747E-11
      8,  -6.5000E-02,  -3.9749E-11,   8.2582E-11
      9,  -6.0000E-02,  -6.6342E-11,   1.2023E-10
     10,  -5.5000E-02,  -7.6092E-11,   1.9996E-10
     11,  -5.0000E-02,  -7.6660E-11,   3.5879E-10
     12,  -4.5000E-02,  -8.3908E-11,   5.8537E-10
     13,  -4.0000E-02,  -8.0993E-11,   8.9314E-10
     14,  -3.5000E-02,  -9.2368E-11,   1.2379E-09
     15,  -3.0000E-02,  -1.0568E-10,   1.6635E-09
     16,  -2.5000E-02,  -8.5352E-11,   2.1294E-09
     17,  -2.0000E-02,  -7.6428E-11,   2.6628E-09
     18,  -1.5000E-02,  -1.5028E-10,   3.3113E-09
     19,  -1.0000E-02,  -1.0776E-08,   7.2908E-09
     20,  -5.0000E-03,  -1.2550E-08,   8.4580E-09
     21,   0.0000E+00,  -1.2125E-08,   9.3264E-09
     22,   5.0000E-03,  -1.1514E-08,   1.0340E-08
     23,   1.0000E-02,  -1.0711E-08,   1.1349E-08
     24,   1.5000E-02,  -9.7009E-09,   1.2324E-08
     25,   2.0000E-02,  -8.7525E-09,   1.3344E-08
     26,   2.5000E-02,  -7.6495E-09,   1.4422E-08

SERIES_21_2, "CC", 16-Nov-2021, 14:39:46.146, 00:02:01.460,  ""
EPC10, C-Clamp,  3.7952E-11
Sweep #,     Ampl2[A],     AP count,     Vrest[V]
      1,   0.0000E+00,   0.0000E+00,  -4.2510E-02
      2,   0.0000E+00,   0.0000E+00,  -4.2602E-02
      3,   0.0000E+00,   0.0000E+00,  -4.2982E-02

SERIES_21_3, "CC2", 16-Nov-2021, 14:40:25.152, 00:02:40.466,  ""
EPC10, C-Clamp,  3.7952E-11
Sweep #,     Ampl2[A],     AP count,     Vrest[V]
      1,   0.0000E+00,   0.0000E+00,  -4.2379E-02
      2,   1.0000E-11,   0.0000E+00,  -4.2882E-02
      3,   2.0000E-11,   0.0000E+00,  -4.2604E-02
      4,   3.0000E-11,   0.0000E+00,  -4.2778E-02
      5,   4.0000E-11,   0.0000E+00,  -4.2899E-02
      6,   5.0000E-11,   0.0000E+00,  -4.3059E-02
      7,   6.0000E-11,   0.0000E+00,  -4.2901E-02
      8,   7.0000E-11,   0.0000E+00,  -4.3000E-02
      9,   8.0000E-11,   0.0000E+00,  -4.3321E-02
     10,   9.0000E-11,   0.0000E+00,  -4.3469E-02
     11,   1.0000E-10,   0.0000E+00,  -4.3699E-02

SERIES_21_4, "CC3", 16-Nov-2021, 14:41:06.777, 00:03:22.091,  ""
EPC10, C-Clamp,  3.7952E-11
Sweep #,     Ampl2[A],     AP count,     Vrest[V]
      1,   0.0000E+00,   0.0000E+00,  -4.2725E-02
      2,   1.0000E-10,   0.0000E+00,  -4.2988E-02
      3,   2.0000E-10,   2.0000E+00,  -4.3697E-02
      4,   3.0000E-10,   7.5000E+00,  -4.4339E-02
      5,   4.0000E-10,   1.1000E+01,  -4.5024E-02
      6,   5.0000E-10,   1.6500E+01,  -4.5748E-02
      7,   6.0000E-10,   1.4000E+01,  -4.6227E-02
      8,   7.0000E-10,   2.3000E+01,  -4.6713E-02
      9,   8.0000E-10,   5.0000E+01,  -4.6772E-02
     10,   9.0000E-10,   3.0500E+01,  -4.7087E-02
     11,   1.0000E-09,   2.7500E+01,  -4.6950E-02

SERIES_21_5, "sAP 1ms", 16-Nov-2021, 14:41:49.459, 00:04:04.773,  ""
EPC10, C-Clamp,  3.7952E-11
Sweep #,     Ampl2[A],     AP count,     Vrest[V]
      1,   0.0000E+00,   0.0000E+00,  -4.4132E-02
      2,   1.0000E-10,   0.0000E+00,  -4.3775E-02
      3,   2.0000E-10,   0.0000E+00,  -4.3767E-02
      4,   3.0000E-10,   0.0000E+00,  -4.3538E-02
      5,   4.0000E-10,   0.0000E+00,  -4.3175E-02
      6,   5.0000E-10,   0.0000E+00,  -4.3207E-02
      7,   6.0000E-10,   0.0000E+00,  -4.3217E-02
      8,   7.0000E-10,   0.0000E+00,  -4.3030E-02
      9,   8.0000E-10,   0.0000E+00,  -4.2942E-02
     10,   9.0000E-10,   0.0000E+00,  -4.3075E-02
     11,   1.0000E-09,   0.0000E+00,  -4.3060E-02
     12,   1.1000E-09,   0.0000E+00,  -4.2797E-02
     13,   1.2000E-09,   0.0000E+00,  -4.2773E-02
     14,   1.3000E-09,   0.0000E+00,  -4.2934E-02
     15,   1.4000E-09,   0.0000E+00,  -4.3185E-02
     16,   1.5000E-09,   1.0000E+00,  -4.2930E-02
     17,   1.6000E-09,   1.0000E+00,  -4.3122E-02
     18,   1.7000E-09,   1.0000E+00,  -4.3094E-02
     19,   1.8000E-09,   1.0000E+00,  -4.3238E-02
     20,   1.9000E-09,   1.0000E+00,  -4.3045E-02
     21,   2.0000E-09,   1.0000E+00,  -4.2660E-02
     22,   2.1000E-09,   1.0000E+00,  -4.2855E-02
     23,   2.2000E-09,   1.0000E+00,  -4.3498E-02
     24,   2.3000E-09,   1.0000E+00,  -4.3117E-02
     25,   2.4000E-09,   1.0000E+00,  -4.3114E-02
     26,   2.5000E-09,   1.0000E+00,  -4.2874E-02
     27,   2.6000E-09,   1.0000E+00,  -4.2774E-02
     28,   2.7000E-09,   1.0000E+00,  -4.2968E-02
     29,   2.8000E-09,   1.0000E+00,  -4.2903E-02
     30,   2.9000E-09,   1.0000E+00,  -4.3049E-02

SERIES_21_6, "input2", 16-Nov-2021, 14:43:03.855, 00:05:19.169,  ""
EPC10, C-Clamp,  3.7952E-11
Sweep #,     Ampl2[A],      input R
      1,   0.0000E+00,          INF
      2,  -5.0000E-11,   1.0725E+09
      3,  -1.0000E-10,   7.7031E+08

SERIES_21_7, "tivPPbefore", 16-Nov-2021, 14:43:26.071, 00:05:41.385,  ""
EPC10, V-Clamp,  3.5928E-11
Sweep #,     Ampl3[V],  peak - init,       Max[A]
      1,  -1.0000E-01,  -1.3263E-10,   1.5134E-10
      2,  -9.5000E-02,  -1.0225E-10,   1.1194E-10
      3,  -9.0000E-02,  -7.0134E-11,   6.1185E-11
      4,  -8.5000E-02,  -5.4451E-11,   4.7927E-11
      5,  -8.0000E-02,  -3.0772E-11,   4.7739E-11
      6,  -7.5000E-02,  -3.2036E-11,   4.8330E-11
      7,  -7.0000E-02,  -7.5938E-11,   8.2409E-11
      8,  -6.5000E-02,  -6.7838E-11,   1.1317E-10
      9,  -6.0000E-02,  -4.0032E-11,   1.8297E-10
     10,  -5.5000E-02,  -9.2575E-11,   2.2788E-10
     11,  -5.0000E-02,  -1.5920E-10,   2.8580E-10
     12,  -4.5000E-02,  -1.9983E-10,   4.3778E-10
     13,  -4.0000E-02,  -1.3578E-10,   6.8567E-10
     14,  -3.5000E-02,  -1.5100E-10,   9.9121E-10
     15,  -3.0000E-02,  -1.1249E-10,   1.3906E-09
     16,  -2.5000E-02,  -1.2830E-10,   1.8407E-09
     17,  -2.0000E-02,  -1.3532E-10,   2.4422E-09
     18,  -1.5000E-02,  -1.2933E-10,   3.0786E-09
     19,  -1.0000E-02,  -1.4271E-09,   3.8768E-09
     20,  -5.0000E-03,  -1.3316E-08,   5.4979E-09
     21,   0.0000E+00,  -1.6997E-08,   6.9567E-09
     22,   5.0000E-03,  -1.8017E-08,   8.5602E-09
     23,   1.0000E-02,  -1.7815E-08,   1.0340E-08
     24,   1.5000E-02,  -1.6955E-08,   1.2109E-08
     25,   2.0000E-02,  -1.5611E-08,   1.3877E-08
     26,   2.5000E-02,  -1.4105E-08,   1.5643E-08
